1.9887862144069572
1.849219888303632
2.125199322620333
1.9124078644264704
1.6393229794901045
2.179065291411237
1.5535103201022435
1.8639271679442162
2.2212623820226147
1.382172808663458
2.0273818705227105
2.279330644093921
1.675852040151662
1.9129416922037863
1.510958867789589
1.412379923113186
1.5781643113356338
1.920591174359192
1.4605908592711028
1.213595913240808
1.6536075484945876
1.952891477694826
1.2048009525879242
2.3691015230891113
1.2359362518120265
1.1114350804223823
1.752236019294036
1.9122615876755173
1.0343769327937387
1.7507231771277492
1.4904163906261163
1.3194814191289017
1.4479942536266892
1.4561897554364711
1.3854217968731262
2.2821169432740653
1.767030512493362
1.9034493132244137
1.7633523675236402
1.543337612100668
1.6908150417721737
1.748883102862994
1.1514898052317373
1.2667373660771812
1.688902145133932
1.1505049645237038
1.091250149140593
1.792921790994173
1.5657830430521233
2.279281747873222
2.057826973150442
1.3677135932720845
1.3901734130607573
1.4406493302356613
1.7287569669858998
1.7117731389161512
2.0536299782742153
1.4942960211847567
1.3071352287321951
1.7272494563302623
1.6559191939162097
1.364296503934331
1.8593096746649764
1.9015798839025124
0.9973974809053284
1.2500909867402137
1.1786080318094878
2.2767937241629497
1.6513180599439568
1.3886325111134323
1.4198951414948433
1.5995932113944018
1.7802637234115044
2.0170063264909097
2.2111432648098543
1.191249889385132
1.6071111808971663
1.788282359103074
1.6760617482372948
1.3389865918449706
1.5500202465940631
1.459265142199844
1.6767112984359747
1.7115682441793725
1.4784549413636727
1.478258218754883
2.0799484240223673
1.312929912757121
1.620034495388413
1.7253626900382153
2.281974594652834
1.8005807207552706
2.222225932490535
1.3705526710649842
1.5050167523332234
1.5577956806056632
1.6542513362529723
1.7546723006865739
1.3670177385164617
1.3832152888140716
1.4487659192160498
1.3105093377760606
1.467387887923235
1.6943742739616472
1.3145565948945603
1.8934097442602182
1.891863109307592
1.9514197222125134
1.8473972119791475
1.4802882412429996
1.5574274975028362
1.3217312853623697
1.3209887679862549
1.7095530726407682
1.5907719417540311
1.8344694311543197
1.9975824430537183
1.4907679582971514
1.8182631370197415
1.6610537075768095
2.0742254042312798
1.3248036088549828
2.3957788570674747
1.7323796780121474
1.3875461042199637
2.4518087656747474
1.3226194593860423
1.4746038479430026
2.179731149749775
1.5103024561563578
1.7754717617638645
2.193011270764484
1.29981665982703
1.4294424519832432
1.8432187820279702
1.8187858066505709
1.6686649640468196
1.649061631018744
1.7807143318232466
1.5481192452518249
1.6913685028067722
1.7306994294981426
1.4933850783596798
1.5836993960424592
1.5032618667487403
1.4326940171831557
1.8393404821910688
1.161242318722919
2.07383581550335
1.3835796567620462
1.4454042196530181
1.0137591120518403
1.4547114713142446
1.6525706773969493
1.7255563767374764
2.341949318471446
1.5005578605927146
1.218738426131602
1.8747941464374651
1.4418287414998592
1.2721412879508367
1.2774551705413981
1.9253145211235296
1.4879894317301918
1.1270938733646776
1.019692669978232
2.0388727116749292
2.3942578814624835
1.4411344849987526
1.9615410042934622
1.38392551331227
1.7528305702363651
1.4193096169550399
2.5782632643012433
1.5486197394840275
1.3067580915841623
2.0177812457458515
1.3141607952559582
1.8482989595796062
2.5765598680821644
1.164716960144988
1.287203970413893
2.3457451801077194
1.6916867492260301
2.079565252136777
1.3722671434316585
2.1433447275573214
2.0248945272758
1.4293755400775627
1.5301765245547652
1.93174106988798
2.4817600783767295
1.4709542039080514
1.9145035134960549
1.7789151944904331
1.8968022167103875
1.3523109783314318
1.5990916396705097
2.2241892640182828
1.4655063518572105
1.4267445455822698
1.0301390993567112
2.065762643848497
1.2012454384834177
1.427953705360598
1.4720156331248404
1.7903618571521913
0.8866276489042646
1.6674432054756652
2.1203076980582067
1.298037999694595
1.574558539778197
1.1582448616619576
1.1709462596862878
2.1599305063264875
1.3036290321342083
1.5508876800376963
1.3893103545972654
1.785481927971179
1.2106127182870408
1.4040581572840427
2.0674846031667813
1.5364636932924876
1.4152396981388673
1.283934749555476
1.0384553860306167
1.4407642369446998
1.6519624400898176
1.6206050946036012
1.7508651309642738
1.2949326817143103
1.8405628780079886
1.3240828464579812
2.287881261321252
1.5975383503325293
1.9292369989295075
2.0963978832859187
0.9079603323498046
1.7556175379428929
1.8928422919361032
1.653184398303883
1.5675840080720533
1.9853665010678878
1.4734222098088212
1.2402785666238514
1.4763604226991933
1.5615437766618345
1.8042922655731057
1.9289035262820258
1.3223815983667888
2.0641112050652914
1.8900848076559456
1.6458340860508913
1.4432008952016562
2.314132037286208
1.918625368950846
1.6369799846158546
1.9082550159864091
1.537482026964645
1.7017541945746315
1.6241754357147422
1.4262460008547304
1.3678870671121515
1.3079624566083916
1.6437056500298084
1.9362535826253138
1.777596782564399
1.2207268257390007
1.4170598626484572
1.8513640958381452
1.9824988299500361
1.2323464559849817
1.5422108192410262
1.3617243261442014
1.3316649875126794
1.4173320087352421
1.529542096786544
1.0628468448983532
1.9185200482559335
1.977301532826607
1.6972739551786369
1.430188316424644
1.3809328107062355
1.6282144459730252
1.243222013717712
1.649570181674589
1.8294236433598094
1.627211472924462
1.819244453496071
1.4054781055193755
1.756455584101698
1.2965641609002523
1.7481206169454795
2.1446754244490926
1.874628998939077
1.42918944833612
2.039983191572846
1.2652511329725058
1.5857532049771978
2.5863610949924545
1.0474878435124786
1.27518692615819
1.7920210084029768
1.8743994093915397
2.1327705460173063
2.168295408121215
1.9337053752048647
1.285060361791027
1.5610818852348414
1.7664041271652016
1.688076950969601
2.545432375341675
1.3963302018235346
1.144694978581252
1.9535433291539723
1.5321190796090374
1.8743816453200548
1.8479724703639642
2.0745479012735863
1.3092911381031611
1.5093702320892386
1.0980721259361768
1.4336000485751437
1.8996781391322577
1.2522997185046736
2.0207095320779764
1.6115487775540953
2.053919710333658
1.3793284314473082
1.7436824951123906
1.1885577829501415
1.6933638042249917
1.6052971135519687
1.5472335257330958
1.4392155692662099
1.5284862096842007
1.5899832353833552
1.3742181914980192
1.5737179352411435
1.4241238106625327
1.5296183924070195
1.7984089777658665
1.6007639695398017
1.1609375906079347
1.4921543175408245
1.777693023943147
1.6473309130716143
2.1406508828425257
1.3877709778465102
1.4304696455658241
1.5711670396613084
1.9294385014397362
1.5375603851978876
1.9609766225359284
1.713465253272972
1.2593457370111858
1.2643228918376428
1.7194097134701727
1.3822940816313247
1.3927865733572826
1.564521342687745
1.320372347638005
1.5503583526390654
1.980061883464156
1.224752291354155
1.6964721439947938
1.6534262813900118
1.5817347710954404
1.7094844524800266
1.4417497522234328
1.4900836140419305
1.2755108734695098
1.0033243488434382
1.5181949613340504
1.8237520312944626
1.7795489525466535
1.483274653737305
1.7634077241581598
1.5619006941514244
1.4493481168432991
1.767914732120076
1.2856528058864685
1.5976296595769488
1.6342580933569968
1.299024988245944
1.7725180635757307
1.5191010239187483
1.3117806703373691
1.8681792701536197
1.4426351350053903
1.3715672387526132
1.9158384729380435
1.2417105861945774
2.246518046839489
0.8842543797305906
1.1328878224173293
1.0614161875653698
1.4028321122433458
1.9587177246786593
1.3348289301867922
2.0173294266826156
1.5646911995610724
1.0305410223609341
1.7458068093675891
1.6399219894889419
1.725265964140398
1.3577079693743408
1.7218896851194292
2.052869101533473
1.5443959991763194
1.8525895790219369
1.854932961041663
1.9497734868947936
2.2233170092633046
1.391361957475612
1.8700689555958205
2.500815238015783
1.500661860348231
1.7032503435307844
1.4814555069027655
1.558024237657997
1.8125894455245073
1.8220287599774274
1.1386286929750187
1.5910599735236473
1.8750571857586462
1.5440768497792585
1.206036438225493
1.9544533220541205
1.7035958553445272
1.7309968820224924
1.761543354240846
1.0247834937738984
1.7271218011264122
1.9908833105036114
1.4976568468538343
1.2589802030003032
1.4107530438374258
1.5135713147085752
1.698073659716544
2.158369918261188
2.0032543819622415
1.5325500351045407
1.8347641580736178
1.7407110608414984
1.9834878175413582
1.7133251613179497
1.0652038287045675
1.4131358836210446
1.4040988488597121
1.28218333020597
1.2986969629889307
1.146039522029942
0.7776458842424319
1.810606682041621
1.4079521340648338
1.857232636567671
1.3225607861726507
1.9654902543750958
1.7088238581340782
1.38839885841921
1.8191374772286482
1.365862231257974
1.768884227746667
1.9522159695518755
1.381350881460331
1.3776964106116476
1.4833428522466663
1.4004285597414958
1.4563831223839057
1.418599664532435
1.9998723249819426
2.2115999528820427
1.5784528104102657
1.7792157308883654
0.952260925761055
2.5814505723768
1.2487309152729948
1.622385963605288
1.8527832657341328
1.9727160633162242
1.0954462327522054
1.6835335594873044
1.6640529776271678
1.2044599011574775
1.8437569805345493
0.8968366016641163
1.477052803300433
1.5505566938130122
1.4591657462300618
1.2995811837566946
2.380790136768999
1.7885041141258666
1.3168853959311986
1.5825429698756737
1.916621821298752
1.703420742957489
1.0271704854004398
2.1826549377665816
1.617156373739414
1.456612015131293
1.4211403602510493
0.9469231391556884
1.8584536189530665
1.7085485805993978
1.4582079923314464
1.7122239541475188
2.2269581738584283
1.7416916947987382
0.9271493522600393
1.54810698113722
1.749385677562572
1.3779101648336436
1.1325276762466463
1.6389418630332577
2.002536948990998
1.0730215952029307
1.730858518594199
2.0149675123165824
1.6925748325937935
1.4135773307111792
1.7149304911992076
1.710262158545335
1.4332662158546539
1.6755174121663146
2.124548641781537
1.2451336512097215
1.5598424156107518
1.2385818144902496
1.202485909267113
1.5188374799102873
1.3104656219493382
1.890483449415838
2.078038994701178
1.4818747155689094
2.0967947455282023
2.2096261942242856
1.6096110692453713
1.3980440733933142
1.4161911843522477
1.5431461657719454
1.8752108600224533
1.637269954877058
1.4462996400761154
1.318855342005885
1.747615322655125
1.5817337717290918
1.324887219112073
1.0918457018651488
1.867221200794813
0.9824486321220278
1.091685556783067
1.5606396469815422
1.8363193889420901
1.6836071766641023
1.8347283209154972
1.5508574554819325
1.8448699358302123
1.4351294843239526
1.340305753137163
2.2187038655644495
1.7670166681630477
1.8304778205342176
1.788789746482133
1.6496081715726625
1.1211239164489455
2.4035752903306156
1.13622464860912
1.8387893725669362
2.6828821118378
1.8753788756926948
1.406971617453669
1.4014797935681007
1.6920631365575092
1.8056180106348778
1.424607326880108
1.381289573584459
1.4027598298361208
2.001389468794042
1.039200880150653
1.3352195271257021
1.8314529398076154
1.3128321641533909
1.2606055820164714
1.3983589654370996
1.6142329810332563
1.7365521031698812
1.589954180235674
1.74643428276661
1.236954701454346
1.6815567119087091
1.4285204799621933
1.1939736625367876
1.4708790409817354
1.2734453289782566
1.6005072301212762
1.7446694846235429
1.087742252671203
1.4735419252914204
1.2467051475498196
2.245942714557868
1.4367392635769636
2.1877212621300393
1.380535453992765
1.815718169642664
1.3257346837716775
1.272884829149182
1.1533834097016429
1.6371186543341387
1.864789571409972
1.4979574407895588
1.6813884892230657
1.2169491268654073
1.3666882897842074
1.818274676899078
1.7251292995475855
1.906244277535276
1.5450891134734455
1.0211644192232048
1.8221103388389228
1.6264433499358355
1.4560382825631903
1.3109942236627792
1.590291697857088
1.506730828657208
1.02583137224664
1.7365051762750305
1.6465331536238073
1.5435195900312244
1.6836468069936648
1.0034455173985073
1.7346893919642357
1.4119298644303542
1.485127749028352
1.2884649460953763
2.184098716629621
1.2103630976070336
1.31885772888666
1.3032612228670415
0.9680469604548404
1.3442152673927503
1.541636559957361
1.8274079207613683
1.4790087826261888
1.4222096915649416
1.531697930220979
1.1005811328129753
1.8650971120036137
1.0333143843174335
1.4061229562928625
1.290173490577833
1.7843061833762806
1.7573201882634728
1.3360551302875938
1.630344315282465
1.3205426016643138
1.414781730050544
1.5904152659379964
1.6277671118689059
1.2336375429812219
1.5627998886089605
1.9809470365293087
1.5512782374208935
1.2811741694077128
2.2300979254074313
1.687211910123035
1.0913385494454262
1.305514910967906
1.8332189116245128
0.881724431604064
1.7596895271095958
1.9166391673497503
1.7410887935235413
1.5253772428641077
1.675560779884703
1.909657745322067
1.9236276213759607
1.5563687185829573
1.9891680332037205
1.4358850161384153
0.8839890956052496
2.195622985430326
1.452681648649928
1.125848698223044
1.287377299445285
1.9229399724578087
1.3717726106415835
1.2373589954143362
2.2417966199928583
2.0073372405732006
1.6785310964948406
1.7745598169850325
0.9194355483115869
1.4514865683076401
1.5569136826756516
1.6440676891628492
0.9869428924712778
1.454836399232804
1.3258926848057138
1.3401172111153807
1.301037375125098
1.534326168443907
0.9636977660193616
1.5341762483591193
2.0815243872524354
1.3346262014390602
1.5899740121427184
1.8900841858276496
1.8479159795296936
1.2044614466821593
2.572998241445545
1.6761806653866813
1.606698440833798
2.057777204371352
1.235164478599835
1.8532913307904113
2.0918026067684106
1.8556695635568663
0.9245843809868639
1.4825060046318512
1.4104858803574984
1.9557063971048456
2.199883126215332
1.4125903997875304
1.681714313015139
1.9210775000274183
1.0796967462431635
1.1264700358056376
1.7366222369409843
1.3537491430863562
1.0822593516401329
1.7023247653396898
1.574177118211733
1.4291441055865894
1.4979523214320212
1.0276792601065736
1.8138371695899034
1.5695900800054736
1.1683250781407757
1.6770690175012712
1.2221676143176867
1.6458640819406394
2.153364471225216
2.0094892353853546
1.3974826424777311
1.923821114384632
1.7622929026441652
1.4028388216475345
1.719834379782955
1.2471959193383781
1.1931016711801743
1.3403450432004613
1.315427103907008
1.528114194076983
1.2765989702374174
1.108754070055123
1.6982009412894075
1.546072516775926
1.6708233415659555
1.8640802324559689
1.4118034640487411
1.365591423168912
0.9986677202395398
1.7182182875718226
1.6192465176037247
1.5364296337166459
1.7561928171509082
2.4621036329810044
1.8191691001903167
1.689222735551172
1.7284325456531469
1.7222787243030477
1.4675417808369728
1.2108809742797575
1.4233723816475032
1.7241645326666941
1.9831452545485186
1.9633710473102202
1.5773128912837264
1.1325515756493225
1.8459646718329394
1.395592545723372
1.6013298498327517
1.4381881816159416
1.234798551921299
1.411022298464923
1.5747935494290632
1.653370677372677
1.5911898778850346
1.2784663342385052
1.4501986863487777
1.7264388395174852
1.683878056940057
1.385759663705618
2.0054736775344755
1.4287862217877003
1.760950227462899
1.491473364314744
1.4055315417986969
1.6527375478550643
1.7836285255245612
0.6774529085838128
1.444114170590617
1.30876234469805
2.0356233968703727
1.6294899421687647
2.3522390272084897
1.727740234980387
1.2788883733754681
1.7123387876760163
1.386651741702003
1.4841912894759643
1.4691347904673404
1.5187560355717373
1.4529676153195428
2.083549256901829
1.251481574877876
1.6257461858871056
1.9952354416370057
1.7344674707027337
1.3791212931881955
1.590101699662739
1.4332654131709994
1.196506706431962
1.969819215825669
1.3763380084182446
1.271601642906494
1.4850539724241696
1.9304022524647844
1.2344207416083912
2.0550287909466274
1.6173891412769152
1.6308503091991384
1.6768826170843005
1.5129024025262527
1.2683180294713174
1.6463473352129947
1.3902116189182852
1.2013806831060923
1.5332563650347177
1.9207986662157264
1.5267802126056638
2.0917148759925706
1.494913159954161
1.354731161809193
1.8947785086284512
1.764287205924635
1.7212785797284453
1.115856599014472
1.7979300883930558
1.236107370587771
1.6613107635013584
1.8844907386393273
1.7930108643012972
1.6532236506350861
2.336430691056897
1.6102752471771207
2.0219951365590423
1.230940124422765
1.2500008557528355
1.793526497521535
1.319288557320762
1.6588828966337932
1.3313385588643718
1.3041820065199505
1.5990549586109843
1.7511644249252598
1.3895454802797425
1.5462283971323252
1.9004846675030918
1.4479620701327593
1.4798814615123996
1.6080607765055852
1.447305099097482
0.8682298949942683
1.576062663002804
1.2965283521511548
1.3247250444146872
1.7567935538058934
1.5593813434861712
1.717346790578396
1.0376463284242252
1.016487848665976
1.1859769887937337
2.083156687559257
1.3373661258251859
1.0396337491802303
1.925315633223857
1.6419519171746815
1.598307973387383
1.3390581805799182
1.2109918868262473
2.0688155071821135
1.6328016678223085
1.2213195617623294
1.4956197744288096
1.4934761857211107
1.650842823085205
1.442841968463543
1.2899213060314674
1.2449023550048672
1.528228872285218
2.333300790325609
1.1417696964186599
1.9582877388963569
1.9106869670156987
1.3463778944350875
1.2909641372307594
1.9034675368691323
1.5409226098967301
1.1624679676562628
1.7560348571123863
1.2749010704494268
1.2736051200962928
1.735400395518433
1.2666488825552895
1.8473083764359717
2.032782750454751
1.4319603880800158
1.3052733081293535
1.6874939842344419
1.7246125285447627
1.6931378194289135
2.00556901267378
2.0746489026511084
1.7514973034533117
1.6232034075203434
2.100934309610117
1.6123637315786679
1.8095408948874097
1.0696604443014412
1.2240707688088206
1.146076009715792
1.317481597474635
1.394427604261571
2.0149848469181904
1.3029371422092708
1.2330757288105032
1.5955210492786782
1.4185151272457854
1.7699325830570953
1.4918067803085224
1.2105571441660432
1.096653921528477
1.659859068320709
1.4097660949478616
1.3612649873204594
1.666376255995672
1.4598609708832568
1.415838407814858
1.5353469789358336
2.299072747021656
1.6764237191400742
1.3913504342885068
1.659206452870038
2.216444878420503
1.5765090858429882
1.7371147244862823
1.4497952563745158
0.9498510563909902
1.1363377638534233
1.331312460304459
1.5110980977369617
1.3705807041503955
1.2808345196248965
1.640944650794733
1.2943145368411142
0.8454878601589717
1.820639480902974
1.7490598111522375
1.9860630721394097
1.4222254255113393
1.0690357085068096
1.585005929207346
2.1591181362115854
1.188129519895865
1.5822931278092218
1.1755614124840483
1.481920511667149
1.4388325645962643
1.8034326389917081
1.3040381385606208
1.6596694330031505
1.4029278113378765
2.0153086308827404
1.2714854730386074
1.8094807525130356
1.3147350724247107
1.4838099449266795
1.6408776818149273
1.8137910263718777
0.9781913739143447
2.079079160947015
1.910299189282394
1.4718000542253238
1.8412389630281458
1.6795258141079097
1.5207789994176288
1.5278705214249428
1.56179916768652
1.074162477540603
2.283331809535392
1.2086742500772192
1.3925510340941318
1.8386158734985747
1.1854628791986583
1.692932918943367
1.3448123917800705
1.7769000682341907
1.2693958856873424
1.4080134522423033
1.1907865659219579
1.2492333410659402
1.8564989887526513
1.4535134964748697
1.117717837009496
1.6439088710727645
1.5917288719511302
1.8868483217902032
1.9917497994603468
1.5133460669324363
1.6377151142934656
1.2471652708174463
1.8427609141220196
1.2891388452603312
1.8300393489619178
1.0403470734578677
1.4912713747258362
1.7068014753583411
1.6914768626582974
1.2690476739878433
1.684086635831997
1.2195734070091384
1.7997577797347377
1.2429690566681537
1.617065167642385
1.82252934344901
1.9060951598517142
0.8604885274247841
1.4582473261163933
1.5699079157968443
1.5661600541748864
1.5386799666906148
1.646343042026951
1.3376294753643794
1.2659995853587922
1.7672832368436053
1.7374703497662503
2.1355135322712657
1.9036071284894565
1.7411780712110176
1.9195162541363302
1.7843228395497175
1.2021675672564551
2.0119134371307053
1.554568791424547
1.4824257764372186
1.8098605181857774
1.504476049272971
1.705084598362376
1.4159406532168082
1.0507582667786617
0.9637177618128231
1.6184035124860185
1.6222592193966883
1.731510175369186
1.5464533796378832
1.666810358023684
0.9787214657403827
2.151862641163056
1.4217921301786638
1.473911637017809
1.1774435932451832
1.8141453720703136
1.4876221190654537
1.755242954026593
1.5634228097148781
1.686474146133408
1.465729807121896
1.9758653506782413
1.5447517783410085
1.4412192729321178
1.9616853793818954
1.4451967636018919
1.3651814967544915
1.6221576008135066
1.3606702150231722
1.513580368714758
1.3795638635028307
1.1291765874898678
1.8618808542570078
1.5712865014470883
1.3013618936676516
1.280332011000187
2.410891934700374
1.5496246582755857
1.030293273256883
1.7686984707654525
1.6866074144322674
1.1671348240368518
2.1988898852737404
1.5552914275952683
1.184161799532625
1.2099750074098727
1.4323267584891013
2.0105217522150776
1.8064576886675998
1.3023192829700816
1.761193668773262
1.6063789487154085
1.4961907531554335
1.1084052816251833
2.0867032017740277
1.794376165116745
2.128014299333532
1.6258109756542045
1.5094438747436296
0.8990940846573888
1.7798650674434677
1.2154433738598862
1.8819529119796157
1.713920596977832
1.8993147959003107
1.2370380313705658
1.0960836192408197
1.303820454733251
1.3741627238597656
1.6416745381725864
1.415946087964316
1.4535303683885499
1.9228472856398173
1.2685400612814597
2.019651255697711
0.9173632962613604
1.574290967764698
1.3718432909515736
1.0571306856662226
1.213995230408779
1.615428279289027
1.8055745219368964
1.5968380689810135
2.013013882107613
1.918554285250185
1.128216561662295
1.4751252881384416
2.041189716792493
1.5309195818710561
1.3626918326293735
2.0238668873129906
1.5123177469874738
1.8640129955171993
2.0414221590970727
1.9672854672551323
1.1264551391206445
2.051815712616654
1.4442506303795655
1.7914615802758926
1.5153211341120947
1.2364217623071003
1.9704403473710415
1.3755746032903389
1.9307586199012114
1.591989623815077
2.275266103678582
1.1575691810323783
1.3790938831531465
1.3612256895760941
1.3452866099521192
1.1420543595728918
2.3198023557940273
1.6070682075889458
0.9938909608724781
2.0227517807833877
1.2040906792159847
1.288301785907876
1.0744328013003122
1.9465108119224908
1.327810494859792
2.21375268456459
2.0359572666652928
1.0896114961290455
1.3994560705493677
1.9035314603634494
1.6684871790499394
1.890098135824572
2.006101857587236
1.8428669641861968
1.9305196646845377
1.4038984803766645
1.499093794409136
1.537552372011872
1.7170946649219028
1.4501034412225635
1.1792796776420666
1.4863670929520885
1.676697998898685
1.5913858366364113
0.8869336612780766
1.6713349775497823
1.9003164986128842
1.1243283195751828
1.2454517621948862
1.4444309577008096
1.814631524168171
1.4993873164862999
1.3574344458943262
1.7814847545792962
1.8621391313267768
1.2586271307311614
1.580813010475292
1.6501200123834683
1.3981770057353426
0.8512800092755899
1.3871984892343057
2.119681142797171
1.4276132486783382
1.3957685588840623
1.7086596072769105
1.301161253517797
1.6424715362378712
1.6492070544571547
1.123812352140059
1.8549044499629574
1.759434942659238
1.657940153584902
1.3910915822770866
1.6180152383243087
1.1167656603694802
1.7385058753864457
1.6834737663198298
1.6812773454406593
1.6142461118334086
1.4325130051833035
1.4575615833746007
1.527822164237805
1.2920245495983598
1.870291056639536
1.289775910648685
1.785967868515788
1.0799576733290548
1.4227015378956924
1.5492912821845322
1.501398159984172
0.9305687982681214
1.9682177887713375
1.2623616419540309
1.5773673752901838
1.1341776503027823
1.4914395349568452
1.8687446622083712
1.51769465614792
1.5655771508089311
1.7142947275835847
2.3233757804131123
1.7507537779652913
1.2863720394565041
1.7258115495612483
1.669749605252102
2.0537421792038644
1.68072547125167
1.6528751365006042
1.8541903197716607
0.9166158493116073
1.8699535085846675
1.707982709644647
2.2749257759631445
1.5473621163705231
2.2686139458956918
1.3090428463636137
1.3140277228131336
1.693765956949208
1.4292306825660321
1.638013328078575
1.5072896514322525
1.6916806393850812
1.825344560777059
1.5821835386016083
1.206249683825305
1.3909546608498866
2.1730264066267932
1.3700430466273736
1.7173728433351094
1.4334375278712228
0.9856961033142223
1.293195350942969
0.9282381590877185
2.2288266853362124
1.0662673347853022
1.115769517175032
2.59725111953469
1.4837763962396346
0.9536116869228899
2.0255637641044153
1.6108444144371648
1.355454077974716
1.4711982719560488
1.4515760112697922
1.854986379578464
2.412438538596896
1.523210372122955
1.2554046396956724
2.07432476712826
1.5685268259308645
1.3423818960489526
2.0840893937967655
1.610422476676156
1.1707393242244208
1.5103789952744884
1.5717154696489812
1.7507171298545232
1.3033888549364774
1.1863680741427716
1.295258084237214
1.699004168690988
1.2925373633144321
1.887074777004758
1.7956685514114166
0.8295540121962088
1.8408452667278299
1.1598299623414068
1.5110923971070687
1.551636504558808
1.5903965863877714
1.0692596535833896
1.106132503345987
1.5339589173029815
1.8688346800496594
1.4580195441949673
1.4219322248046478
1.4710896641474285
1.3730442698998822
0.994166734342924
1.1859841338739778
1.7554576650740492
2.055982304195021
1.4991792206165477
1.3180374633476124
1.6590056290659088
1.4142596037198698
1.3312489786291966
1.2679708355540316
1.9271151391092154
1.6910309388432652
1.2343453037737502
1.538033063954414
1.2478027755396301
1.6562233887063993
1.7584300260778316
1.8088342563264401
0.9858931261055031
1.109132083768094
1.2628570954287806
1.634577258019787
1.3928278893988355
1.4106243893637336
2.690371912909687
1.2982141691779123
1.3977109606176166
1.3673194193301297
1.5454577364151179
2.004749466676532
1.4646131512190486
1.6692573877770225
2.213706622309814
1.4378892318426526
1.6155422519918023
1.1698414532588883
1.3793852203003685
1.908316769312742
1.5330510389497183
1.1817541446212676
1.7277898028680765
1.5609574412610765
2.3735027490696776
1.7511097431375187
1.7874227793774229
1.503375641112246
1.8434111508197468
0.9280390950831269
1.889006222734941
0.9632412008341149
0.9077310642383752
1.5339237292553558
2.0544985638208906
1.5275295225978356
2.0148909120396725
1.8288517378748088
1.3083948574021875
1.5004035715697015
1.9679185286795318
1.70922543361906
2.252132953653758
1.3845901735359454
1.227724627196908
1.7842063111951816
1.3058499155527505
1.5107154287548423
1.4210093623557079
0.9623945775239747
1.3075532849877542
1.1481517652100042
2.074736935778895
1.69414339222577
1.138617277719962
1.576213433431176
1.3462820476087742
1.8044559106948455
1.5077415149862252
1.6280831037465713
1.3642747048225319
2.1465191757021813
1.7422511438887611
1.557169351303058
1.1748629773195707
1.5690627918703102
1.1295873907909635
1.2046129015234497
1.426580252130073
1.765830774515327
1.114108380676274
1.1793763153864774
1.7269675870531744
1.99089993524886
1.35074471679259
1.5592460543102704
1.6599430450268835
1.2169016879333627
1.5689331253334182
1.3196198803353778
1.3687994458270991
1.4510357388804511
1.3029600559368681
1.4438181927817515
1.859612672864535
1.3783486024248213
0.8229986138933418
1.5405814059029184
1.573779269524536
1.3451548341756818
1.569099001573475
1.4934377119359432
1.6186148361704322
1.8463958243494623
1.2724268215814418
1.3312482627147306
1.957438576455413
1.3182033837905978
1.6654220924163698
1.2197715217375198
1.516029697246274
1.7760556038215802
1.5057172440309097
1.2480029262310044
1.5522042139775567
1.6792541591461938
1.3775978209216624
1.4318674178221167
2.285550879237917
2.0060815823131053
1.3882892807397023
1.855615730360258
1.356732944721311
0.9750980683537778
2.2832173969438694
1.5245141641375797
1.2466065988055086
1.932071180549325
1.2585487159767415
1.2912766966939422
1.6762600955409837
1.3261549154465386
1.5272677664283898
1.8996754701695016
1.933055676333995
1.9109117412843881
2.2917367316254027
1.264116635386597
1.3741729960364337
1.9222071932634996
1.3492906642298457
1.2302078048574454
1.3417221413229206
1.2846528795196788
1.6304989757951223
2.2785318245350044
1.530823043703784
1.3892595435448605
1.7508868569834546
1.6346032185411365
1.2380430768285713
2.080920682807852
1.669614048864456
1.7350126636889176
1.390669126462689
1.6168952382457489
1.4759362624143535
1.9242825474754512
1.561964708506675
1.5304078758869182
1.6712710380214828
1.0471832540785135
1.9413174716153792
1.2304715319996173
1.176507650256141
1.520510375975008
1.6398649406891315
1.6171563337777077
1.1952390671509283
1.348968137044637
1.2790171712971778
1.807866531540614
1.759803334312013
1.4463160852874566
1.8649378316219636
1.1151647328158039
1.1111303260809717
1.5636086594067178
1.3499614438132905
0.9085758288289987
1.883852271045467
1.9501179535399324
0.9832332883233016
1.2149783049604732
2.4964286539190486
1.9981407214858236
1.7190303360072392
1.2082485250187966
1.543128281758705
1.800276867481153
1.2574024406360254
1.7017258793747265
1.3238647835056818
1.2847551017977656
1.061771448277638
1.1127252001729542
1.5133966193680193
1.7589002967610168
1.1809099613678213
2.246473242038655
2.0588743386579074
1.1518520418235974
1.4943564798797455
1.108782727243257
1.6974104324401458
1.4410243749361817
1.5550123172392407
1.8842308962935044
2.0045304351724242
0.9103080915280244
1.9313939957552293
1.8625294796139253
1.6203634980683639
1.5609925128266176
2.027545916133777
1.1349827969195283
1.5512717431042269
1.569340556953002
1.1758246090787292
1.4272765162845544
1.125979694675859
1.3245056753552584
1.9849008810454567
1.3686367728436595
1.325398051602072
1.0746240228489898
1.7405873096246431
1.4161716636214086
1.771241107296346
1.323911614253881
0.9834307213846089
1.326325682860885
1.7547741745665855
1.5310124292719747
1.6518177706341781
1.8608809271300597
1.550301257540531
1.1211240369206257
1.7150862181372788
1.2085775554397613
1.6226931570869423
1.4971704744132301
1.8653657824616583
1.168616690179269
1.644341757023657
1.4733801245466736
1.433977181010896
1.0728334580225969
1.4045345421283388
1.5924266557890405
1.2948711640611332
2.1180082003444047
1.5538228789045767
1.7229636604924676
1.3509901472642822
1.2568345579761926
1.7288595684004007
1.2833857704531348
1.1033087790984255
1.696089387837369
1.2520786943786075
1.7337480091390138
1.8726255738344628
1.2377673879062292
1.831763716662934
1.517527602810396
1.216553044496402
1.768011020994952
1.7603400962907843
0.9304925259896791
1.596005941957384
1.6899170342483973
1.4921231836328945
1.625946302657797
0.9377855527736896
1.3095059703080074
1.453234849993702
1.3025324531092293
1.3591943149539634
1.480000266343833
1.3839858496277173
1.19166093816671
1.7848044075870713
1.6971134393689182
1.4258133035780793
1.42336329306543
1.9499847822860943
1.6818607140676678
1.3937072423337984
1.1382181909141709
0.936343353924846
1.504937518836545
1.334589825753045
1.2108708140583202
1.5858774751403202
2.2328004246570576
1.19314118479334
1.9418922959140972
1.5446649252935187
1.6379537343116193
1.6328940459713965
1.7506471034108286
1.1514404318775664
1.5664983629411064
1.0384703570702187
1.7928847871291316
1.5323489917574127
1.491314439877664
1.050309918731098
1.7517518544137476
2.0460870180682553
1.6365376999058563
2.173094298023364
2.2566599708993875
1.4745229819326566
1.5641185525033892
1.1147602515297355
1.3065270233567283
1.8171757830366992
1.3438572982801649
1.3237291286490005
1.5919029148985597
1.7061413040700584
1.7159172329518975
1.1424707401180425
2.2598519495668
1.6641952160914697
1.643679440243612
1.9401251603527145
1.9899978046619315
0.9648505939905573
1.337929500219551
1.7803820473556708
1.5872088921305425
1.5733306334582497
2.3110601935927697
1.0345931311744998
1.6434593133975695
1.4744504234869074
1.4415624614379787
1.7493767108371046
1.292902502639256
1.7663045168358409
1.3770318597027082
1.526186923668594
1.522758207104951
1.5309971935549116
1.4580675644010124
1.6083640470718528
1.878402055515519
1.737164181454688
1.5605732536744121
1.5172142795071502
1.9736779960429465
1.0940003710424817
1.9714559974066348
1.3571617349778562
1.4531514417204046
1.6672170733004608
1.7436647469889823
1.5328915975348005
1.9118292260694765
1.833964262461094
1.7213996967974106
1.2681669478606994
1.8176618217021316
1.943800605653749
1.3892601650472982
1.8479683019927684
1.2176544718816982
1.9264524524713182
1.5844128264846276
1.260756385078343
2.1442883695920547
1.2934004967067365
1.9682484689010187
1.2508164215129913
1.467046718816118
1.445620874634514
1.761348977975321
1.6218473805511047
1.3591858578303406
1.3473539198317028
1.41552847112382
1.3406749797041988
2.2456076357440073
1.6271961412644413
1.8324983559383452
2.076993890965763
1.3442152197563597
1.1107325294181873
1.8249308268091722
1.5425701063090551
1.1214971392841189
1.516627747005713
1.6202265183055897
1.1825184272332379
2.3572219315790806
1.4187161330858635
1.280685174143287
1.0961399318792708
1.4612965026186615
1.4091368828163946
1.5418503611863037
0.8943636330064211
1.7123722245929591
2.244795975061092
1.5601143823978174
1.1882295786176895
1.6304853576010696
1.7358726728223657
1.3903668938058025
1.8188407744011283
1.4543600361567308
1.5169147263146827
1.1911457567584558
1.388728855264774
1.930741516433894
1.41071696067905
1.6497534891941599
1.9292771066801255
1.255906099539922
1.7922085221246127
1.5029641174546127
1.5612251963599377
1.1069253241415342
1.541864480256453
1.1185374571664737
1.9825872570118053
1.4468998280575147
1.563075547020765
1.356497261007474
1.410158530141837
2.0556842063394614
1.4383776707912994
1.587985490310416
1.0731812978488235
1.5874350485835949
1.885650132084779
1.855410558789626
0.9893696167939686
1.4132040510978239
1.7815659519411406
1.422989315978418
1.7582969026878492
1.765787242543448
1.208858846680042
1.403639459198872
1.6872309458070984
1.4024722738092679
1.2849929441829395
2.169233549285541
1.75234588292974
1.7067985915477475
1.245740716577556
1.435098990651232
1.8358864329567157
1.5261677138016172
1.1225789098509666
2.0950037248654296
2.092301870284435
1.3454433652196958
1.1710962374386984
2.1929014889785874
1.8163490052079683
1.8342747728871527
1.384957174139211
1.0862118578324673
0.932387396608266
1.3950671921556959
1.4965282876403105
1.6104299257177794
1.740065151388047
2.0184024752986702
1.4594843029496019
1.935397242271416
1.2555399376240928
1.5807661347751751
1.6892906143653075
2.218210151874965
1.826866482417844
1.6334333724734815
1.2441754649421348
1.2082411378874534
1.5047704046781725
1.6873682994549382
1.3752364156464443
1.4142178418445643
2.027936657146765
1.4804016918246028
2.206678219475275
1.7222156204926575
2.265935594968847
1.8161194855648244
2.2270949017976593
1.2377251851280904
1.733879309633854
1.6891658862769692
1.6912158436783653
2.1241398039551482
2.3529519564176886
1.2187613956436267
1.5085913694358575
1.531552827650507
1.3365346751726288
1.7299699022002426
1.2594497724943934
1.8515038708448859
1.686936296053803
1.5673567659206662
1.5849661464273503
1.4731465285462966
1.3230169925576383
1.7239351533185265
1.9076658765560315
1.622165692419857
1.9459732162177823
1.525720899071548
2.3682077414881384
1.5960164386571507
1.9519483770603414
1.0927018312597585
1.3890447257871243
1.5501783909746771
1.604725128609082
2.245621369533451
1.6508978025456886
1.124103414101059
1.5693156488865292
2.611444954347149
1.4295022705038165
1.8165161083559336
1.2458745706002279
1.1338467893319983
1.6603747039727688
1.599195325060066
0.9668999789608156
1.5026617721296396
1.5602244029490742
1.1460817568174133
1.6261794505161156
1.1530675874690726
1.4745437744002863
1.4237437696838393
1.8370962850571528
0.8897315388804227
1.4431735426258925
1.6479236991581325
1.6031250408581812
1.7681199268697305
2.3910134097481195
1.5806771606279477
1.2416526155321597
2.049788193072188
1.262434086894535
1.419654649835994
2.1111571589865563
1.8960658252324467
1.446217062667216
1.2864680171375125
1.852218669416765
0.9739054467881941
2.5915534060507603
1.5832600460074968
1.1650460413886192
1.4259317901106245
1.0822340370307841
1.6670997087592594
1.3384371747444226
0.8581359650073317
1.7245538956235145
1.7130705819444232
1.3109982333014187
1.1143712268282167
1.1704525452330516
1.2150099968678196
1.4846989425530006
1.5599177708618885
1.3713564046445852
1.8162889008637857
1.1011226791699777
1.277445420225319
1.6824403457834263
1.837928749249838
1.3882363104958568
1.4556482600832985
1.691268865239936
1.9742264991069423
1.422986561852631
2.3270614843812045
1.3747180704812771
0.9863193750964417
2.093387186562076
1.4070945630542322
1.2153987770039816
2.0428774976844153
0.9361966368578333
1.5385698249880049
1.2176414712737527
1.7180544317838493
1.9399190127741333
1.1759149526963149
1.5819022286908955
1.6728122524804088
1.4686771143694193
1.5059443140422561
1.4728400773063641
1.4088603979524679
1.327861211519428
1.6144826501070906
1.3907671139543343
1.3752303631758056
2.0646593166945006
1.4967957555925275
1.3926426455813394
1.8370390460281099
1.546959117488333
2.197742148973199
1.8570161923731183
1.6091508431332673
1.086960225788423
1.076337109642006
1.99022345226998
1.0140283395927356
1.4106903923974878
1.9739236406840897
2.099030415445181
1.3003107471145248
1.8495860233503212
1.8181117306115044
1.0944904289315522
2.570450138799644
1.1235904594983457
2.3175000578694016
1.6656415337660666
1.6837247845473764
1.529348546782441
1.587905114897571
1.7458746993269183
1.4826861254390236
1.250519519041249
1.3464362218323074
1.7794724391285979
1.3762236928814837
2.0554370385625904
1.7420369117848598
1.3538922522186203
1.2397610727605608
1.751875924441089
1.2943448234395525
1.6109316001171254
1.5762707840860468
0.9768380365322329
1.340286909377925
0.8330476508744702
1.5164098505836907
1.0595238582693387
1.7424875274824498
1.268148460643646
1.9212654383328074
1.4555228149132977
2.233412123347372
1.2855297730655526
2.227084097881262
2.479866949198401
1.618021666011906
1.6165003649259901
1.2291227008113068
2.158915548095452
2.330258136013453
1.9128905637815217
1.3701069728313182
0.9533215481148523
1.9104678503214354
1.6865385087574014
1.7208710625758545
1.6892040950576876
1.9036205763324694
1.412820140161797
1.5502886582245508
1.1425259099662488
1.4988079569049957
1.396300266464746
1.2777212084853613
1.472084316179832
1.7445524475424534
1.4780590386146986
1.156354308398379
1.2390035323041257
0.895115730042012
2.0018253118368237
2.7277828509811126
1.5359902700669341
1.4959493222016527
2.057947846620679
1.375740650184004
2.086808242683528
2.0379994083392465
0.8279133605749042
1.7730468060447253
1.6207072967053593
1.4535099524606034
1.3981902688996455
1.7053451910803457
1.4335089812868176
1.6997490574530996
1.6971539599501646
0.9942418238218491
1.2135907331379563
1.6073806358487577
1.5716028537947666
2.001608741596493
2.0377356390153456
1.5357074875719676
1.5722262730315193
1.9978242894699705
1.7398186064104768
1.6697042530529849
1.509434701487215
1.7195260789802402
1.4553603267719113
1.5809599437386594
1.5368173989936753
1.5595576738872292
1.6135408009538845
1.4401704637865447
1.927117337923607
2.297326638379561
1.4961996308016028
1.873884530803146
1.8454176797963862
1.1500584232536466
1.359952762349956
1.661380399414351
1.012069522007844
1.6861313408781837
2.4506794129923395
1.1234192827515403
1.8776847238881975
1.5782208482082463
1.524728397433852
1.594448697593391
2.149322294310687
1.4669181338997008
1.2915451780121239
1.3924159565025989
1.5363776994194476
1.3269164222261491
1.4610471398460392
1.5239524080585838
1.3937343326117613
2.2457220882313016
1.3262932475726765
1.759253051372093
1.3460899871608667
1.447449625358941
1.9275975426916279
1.7339099440510095
1.3787914127217749
2.0827834188153664
1.6479684916217068
1.1132312678531455
1.0418692107121474
1.6141260550075645
1.2396857234985041
0.9081823026865348
1.724742529953259
1.2852233369344945
1.7114542156996577
2.257110661172553
0.9736258161580521
1.1307315215371383
1.621365209898061
0.8900743260608691
1.9013860842279027
1.4663172181257738
1.348590735536381
1.7354673091026467
1.612014548342153
1.651474465562738
1.7310433414566622
2.328920246742723
1.9103226978730319
1.2297736248000664
1.2247473841624867
1.106268284385507
1.808908749160057
1.8616530990913494
1.7116923172848104
1.322212765729475
1.8954555452686468
1.18846230153603
1.8511442495484531
2.4488971402388056
1.274714001039439
1.2331582185147456
1.3060205814024592
1.957274955162571
1.666812548591318
1.490602542225385
1.2309624931072116
1.6895449294414595
2.0171403524326843
1.2909521925642164
1.699880067634344
1.3396134457722455
1.2672478227576154
0.9182061608434677
1.9097937547797676
1.502296626441947
2.1394239443805096
2.0572484627421694
1.3389106583330013
2.045873043349926
2.202185759268295
0.730435658746176
1.4646069511013797
1.3117868783078432
1.301873343603146
1.4185317651108915
0.9848476852222562
1.1792240298375893
1.0920830975352955
1.2586656560229947
1.4726866753961414
1.6397835596412849
1.6885542206724806
1.2169251243147259
1.680818363912177
1.2428651002483215
0.9153390597449016
1.1998998527847702
1.9115350572598617
1.6988235003500463
1.1113538303262667
1.4449735454378945
1.0131677113959265
2.0239447495832534
1.6723597484746366
1.8076383719029105
1.592661429540285
2.003821340742679
1.1040689042027787
1.7636010710539853
1.5539625529016148
1.830379158088523
2.076615898721505
1.4307569883032678
1.1265569782813938
1.6081207755666136
1.460058869858226
1.6532672718602215
1.205353540082435
1.2812157304129361
1.6489020268744692
1.7225106820977099
1.2790281333881417
1.4805041544704403
1.586798550046544
1.653169648292543
1.0356862199101893
1.5749311878703196
1.7974677703096638
1.8761390146938457
1.418415541469617
1.740839802843127
1.2921088969769206
1.8844904724967615
1.2267117276300543
1.3068436022980519
1.3500323102724037
1.4265604267376835
1.1928909520418243
1.603073577981129
1.3508545261743947
1.4840898532559916
1.5758156519921984
1.845737547378932
0.7983046504114897
2.318109027346479
1.3232983736876265
1.472637814106707
1.4202750139162947
1.397120971386748
1.6811111747785004
0.9845698010611227
2.0793245873012736
1.1048187894774704
1.3313446850078647
1.78275177383818
1.3334282154059107
1.2974167760714026
1.90529423362307
2.0818443964800615
1.6404365127023086
2.052670240935957
1.1748617386065012
1.4776492567476571
1.9049731006806307
1.7865643089240688
2.046300129310341
1.848432008673593
1.262504105791887
1.8741340344660709
1.6778107558789308
1.4101188372381661
1.598661066979015
2.0543184506026444
1.7721516188362751
1.4904983132465253
1.3271856293410427
