1.9887862144069572
1.9190030513552947
1.9877351417769742
1.9689033224393482
1.9029872538494996
1.9490002601097889
1.8925016972515682
1.8889298810881492
1.9258557145253121
1.8714874239391268
1.8856596463558162
1.9184655628339915
1.89980298416612
1.9007414633116677
1.874755956943529
1.8458574548291327
1.8301107993295151
1.8351374868311636
1.8154245064332655
1.7853330767736426
1.779060432569878
1.7869618437119212
1.7616505006195735
1.7869609598891376
1.7649199715660533
1.7397859372912967
1.7402470514395463
1.7463904277336881
1.7218382382530002
1.7228010695488252
1.7153047895835765
1.7029353092568678
1.69520982272262
1.6881798207436154
1.679529591490173
1.6962681290397255
1.6981806258898238
1.7035824334512604
1.7051149958633727
1.7010705612693051
1.7008204266474238
1.7019647760811278
1.6891630325730023
1.6795624492435517
1.6797699980411158
1.6682642364429114
1.6559873409683938
1.6588401420105976
1.6569410175420574
1.6693878321486806
1.6770042858938132
1.67105638795878
1.665756709187119
1.6615880540213512
1.662809306984343
1.6636836611259826
1.6705248245847235
1.6674863969398965
1.661378750021122
1.662476595126274
1.6623690967457811
1.6575614742810802
1.6607638266681262
1.6645265775624134
1.6542630529984583
1.6481392338127274
1.6411313054246195
1.6504792821707714
1.6504914383703828
1.6467505965524263
1.6435554492980944
1.642944862660543
1.6448259429448029
1.649855407587318
1.6573392456836182
1.6512064909954802
1.6506338246305672
1.6523985494314968
1.6526980835935954
1.6487766899467373
1.6475574745967045
1.6452612266406454
1.6456401431682999
1.6464250015136699
1.644448883158964
1.6425164335728701
1.647544387486083
1.6437419502732538
1.6434755743756713
1.6443854312163662
1.651391905539844
1.6530135230965335
1.6591340866384046
1.6560640715791128
1.6544740997975773
1.6534670329309948
1.6534751185322523
1.6545077428399493
1.6516038034023384
1.648919918256456
1.6435197153045467
1.6381326097992712
1.6315544954523002
1.6293741595476516
1.6261264957016963
1.6232699402301858
1.6266534681222393
1.6275283936649223
1.6237897419644878
1.624770896290283
1.620071352560084
1.6104953589727686
1.6069467262511146
1.6049128400554842
1.6057109707951287
1.60993186587554
1.6141260471927208
1.6098278150321006
1.6134045378095871
1.6178791157529469
1.622085294310314
1.6158044156219153
1.6277141946667109
1.6213469762159411
1.6228630747400203
1.6362668115925438
1.631970645993464
1.6275940685961388
1.639047610765699
1.6366434035559851
1.6394939572673628
1.6482292557837186
1.646747479845722
1.6464800068111898
1.6510579766627385
1.646424665296503
1.6454410098120378
1.6428971329899813
1.643070752632977
1.643118568964489
1.6431241035748352
1.6429422668411866
1.6463612195724662
1.6495308398721187
1.647674437088267
1.6504963276148614
1.6579772309453662
1.651660436222654
1.656740963947166
1.6477839430360544
1.6416597155010804
1.638120170688878
1.6387655512714128
1.6408847647430256
1.640852758840541
1.6471545206360942
1.6416237994592793
1.6388682235087482
1.6445448126858004
1.6416906055374962
1.6378528264778425
1.636984413143913
1.6376444616084986
1.6335085570867758
1.6348055210113694
1.6325015378437495
1.6411041846424042
1.6422788262153996
1.6401769904659473
1.6459060753977477
1.6455463791159217
1.6470787527043416
1.6434692116397769
1.6490817810178802
1.6424565457646219
1.643611627786612
1.6477183284350991
1.642977112796628
1.6446994849100511
1.657075217672423
1.6532221848079323
1.6515015730900728
1.6581919119067905
1.6579930969572567
1.6640042000649877
1.6629442893117554
1.6635782523471045
1.6706978984922913
1.6687913089391824
1.666839447284348
1.6633371120366995
1.6701489056129142
1.6626361883270895
1.6680756967514
1.6708146811729723
1.6742047465340193
1.671185342954804
1.6696295363446432
1.6782012515996618
1.6790241622300934
1.6788039484937554
1.6760002461095618
1.6819839936688146
1.677052705314032
1.678186676418693
1.673972735307339
1.672957722785785
1.6623098020527027
1.6605102619876682
1.6669104565558204
1.664316561577738
1.6668448341218964
1.6652173950586533
1.6598313269291083
1.6655229125748325
1.6602145085846316
1.6557475609544712
1.6547329849174723
1.6544051728269868
1.6499007629340892
1.6431990904646168
1.6506259004077348
1.6420327487699844
1.6388613489712518
1.6378252354246066
1.6236917016281658
1.624873149403752
1.62664673532522
1.6210554747737584
1.6234611015218376
1.618655710721342
1.615131226793777
1.6153738886600866
1.6239582767534666
1.6215014724365122
1.6226059843593017
1.626883313551693
1.6194723005650034
1.6192213326261997
1.6226685630930426
1.6222867220480137
1.6206555678337526
1.6255753820608345
1.624472610198498
1.6218427771972495
1.6222794412524102
1.6195014741971177
1.6259319736656195
1.624482650773406
1.6238706701894534
1.6300577400435765
1.6388209969996175
1.6407322231469836
1.638638525325031
1.6445242819305188
1.6402910424353123
1.6416552636755437
1.648550429574092
1.6451773083793637
1.6477765629101113
1.6512969043877503
1.6527848126908835
1.6472105381507698
1.6454102683995517
1.6505763861662026
1.6597419952926737
1.657129236001568
1.6453939254443333
1.64515317922083
1.6440514101362769
1.6500371433026546
1.6448323021601405
1.6460613141830007
1.6338959248014302
1.6317263772817168
1.6328321164532271
1.627949724963634
1.6254365854600585
1.6261387963468217
1.6201462129942659
1.6254717829446022
1.6269016264047098
1.6172535027106953
1.6166187796781657
1.6082553472939751
1.6110283776764043
1.6078891668344293
1.603912336290916
1.6078110254251015
1.6065640412347475
1.604811186376885
1.5929592272021202
1.5957308913324944
1.5980326104420244
1.598989748486511
1.5943136208027684
1.6011903429351826
1.5978519378682026
1.591467577277792
1.6026761247091441
1.5988835576884461
1.6013340359564612
1.5985966196020056
1.605328159311087
1.612376327717654
1.619339125467618
1.6207725606481445
1.624756887777012
1.6236932745746038
1.620154238865674
1.6240546283784238
1.6337633667340585
1.6361442201356744
1.6358817073246237
1.6338178355528987
1.6361027360276466
1.63933767568047
1.6439242968381373
1.6468149565711614
1.6478017407693224
1.6488548615173744
1.639160736745068
1.6381321002978944
1.6429764847078283
1.6426601343973204
1.6524826758577942
1.654190521263888
1.6582100939663262
1.6557973273347633
1.6557255009762444
1.6546617519886027
1.6531897612507727
1.6560019039217124
1.648595426565831
1.6470121987551678
1.6430046908627147
1.637940544383689
1.6426031229751712
1.6407841269481538
1.6360969421354181
1.6348612820764499
1.6371695317733879
1.6333235064581073
1.6301986602660983
1.6327174177752684
1.635730743787708
1.636588615151806
1.6399522013245003
1.634540875840145
1.6356217563121354
1.6306923146580956
1.6310858515959337
1.6300031145874032
1.6351808718607463
1.6291742040206139
1.6225814077012175
1.6188548367734357
1.6169663837482733
1.6154145042949402
1.6123248280827667
1.6117282871524967
1.6106695506203295
1.6124942634755985
1.6192152577441559
1.615025724157399
1.6126279097710934
1.6113862047593497
1.614996284212914
1.6179205301112296
1.6138243866750823
1.6089002345160015
1.6093318786908464
1.6039430139868707
1.605507720338769
1.6104285907765876
1.6140507602147014
1.613588085784209
1.6205936945768074
1.617027501035762
1.6117479668759287
1.6124543746453435
1.6110090195399613
1.6131759880286685
1.6132364245025084
1.6137944542477904
1.6150239330668021
1.6119207068723915
1.6087663988465206
1.6092557470130961
1.6096273173079565
1.6057784338544658
1.6119711769748435
1.6069070766673346
1.6079255028912387
1.598021756699154
1.5950587404399659
1.5852730703998907
1.5866488801925993
1.5903785253896137
1.5778632037415568
1.5875616195732578
1.5904566623072869
1.5828418624468665
1.581555936446627
1.5766274508813438
1.5721971564415356
1.5664371823832304
1.5708054756165142
1.5757233477795005
1.5735032664996118
1.575148392780135
1.5682433986371347
1.5737778314878474
1.5845640517946677
1.5789422380778848
1.5823217368377525
1.5885860727647099
1.5851129666645525
1.5813999910871244
1.5831216347751202
1.5836081748308082
1.5907533480266915
1.594637635140714
1.587027140679142
1.5904147432293316
1.5889582197661383
1.5882835004883902
1.5798046677673085
1.5855559166733766
1.585155050275698
1.5905794412664214
1.59126123676658
1.5854561005687993
1.5872549833227323
1.5927716607351063
1.5924633671068025
1.5891533367829722
1.5895186853063663
1.5889172191010406
1.5916567175915808
1.5979442328501223
1.5999926868920864
1.5993105475477338
1.6060488132223907
1.6085343806553973
1.6105923285913795
1.6112522710738428
1.6004978005324633
1.6007514495902087
1.6004877416231478
1.5975979045285944
1.5912904891440867
1.5873752805124073
1.5755419731294722
1.576513387417159
1.5779994513876954
1.5839285488349955
1.5799600595620205
1.5857920212894578
1.5889523941372259
1.5871911692945406
1.5921788205904466
1.590333859376636
1.5882220828194606
1.595496719601438
1.592345506976093
1.5895882082683093
1.5886042890798213
1.5855137301524362
1.5856600638540406
1.5849452243589457
1.59218883887407
1.6042715949144557
1.6048741734052174
1.6044288104011566
1.5961559301333006
1.6071376893196958
1.6019909212308443
1.6025957739253829
1.6066301254142912
1.6086781387262525
1.60677607299491
1.6076351119940133
1.6079330608367153
1.6069874099658308
1.607699799135419
1.601477154912873
1.6031298762425035
1.5999536504790972
1.6001189565913447
1.5993990960413853
1.604048612679695
1.6095165479590077
1.6002202214499248
1.607203107351376
1.61504044734019
1.6214604928941116
1.617703876625682
1.6199432487565613
1.6227665231920876
1.617159349076574
1.615723840683474
1.6148876618514216
1.6160141299472763
1.6167003958583812
1.6140298161402915
1.6175749759880234
1.6226256608754135
1.619513886808066
1.6133414203389032
1.610296594360056
1.609241121525265
1.6035224883046535
1.592614594974487
1.5950903940300634
1.5964150739640155
1.582137137535887
1.5844391041183468
1.5875562758062047
1.5896674690631152
1.588222999993647
1.5872464104503936
1.5861287444360728
1.5890751196648691
1.5899196940512956
1.5924146086115245
1.589425176625829
1.5929632363996813
1.5858045213240428
1.5807934218632693
1.578671827842147
1.5741610505192316
1.5828180500756508
1.586327222011399
1.5812371360620516
1.5872285150487955
1.5967349749610347
1.5987235552151142
1.597568282801962
1.5947494580483188
1.5885972205234264
1.5873167853040289
1.5883639845017543
1.5844793393217795
1.5802607821334234
1.5779020571845612
1.5765861432886725
1.5791829771927473
1.575970075375188
1.5806012988945395
1.5776039519136997
1.5755338378516413
1.5796798391011573
1.5902665741481534
1.5889965790943783
1.5932643409628853
1.5902005891520279
1.5954236806486037
1.5901200729480922
1.586434891898123
1.594737941969575
1.594216733878919
1.598862889771681
1.5990619449590358
1.5960358669792436
1.5934335973291298
1.6036923861263193
1.600221204089944
1.6046048122181986
1.6168698021127377
1.6214375942243404
1.6155085871490578
1.6074073855559181
1.6085434888173906
1.608807511614856
1.6135309756260463
1.6015293656381226
1.603069654783754
1.6068596898356415
1.5987238659798066
1.592348900617901
1.5997089676884557
1.5960019537351158
1.591967479779009
1.5939064704218056
1.5916112304267926
1.6000083854418503
1.6011373992112028
1.6030961751007389
1.6008740646529815
1.6046938199345018
1.5951711233664339
1.5892258188505428
1.5907657553010484
1.5876747788920742
1.5845136329802996
1.5849261203969596
1.585531838069667
1.5784407079449156
1.57473619568302
1.5826295026772854
1.5827854917105446
1.5951934729402881
1.5904142912906851
1.5914859871811178
1.5901612540955201
1.5857678628455367
1.5750321152039684
1.5739863847993223
1.5833627869908216
1.582861291587345
1.5821813197039496
1.5805717093242675
1.582913315459643
1.5847066435983013
1.581932567103867
1.5902647939271903
1.588407099875983
1.5784690689450493
1.5797644240075004
1.5818930841997472
1.579304162113387
1.5753114827645616
1.5768817375845858
1.5751938717494947
1.5642066990541457
1.569120414304799
1.5699873216849298
1.5730366994403395
1.5778483084176047
1.5726943887924876
1.5769366264926363
1.5721510906427816
1.5662219781860534
1.564287880491318
1.5651609202023327
1.5551682892361602
1.5522607558325732
1.5513129273273103
1.5468314850883365
1.544842176104544
1.5415064331038932
1.5434078127627364
1.5437349041882376
1.5447684476838281
1.5426092737594865
1.5377977473703255
1.543199846299241
1.5426145331237635
1.5380035506787442
1.5410807992633022
1.5480070055292345
1.5499738109420533
1.5449711683555085
1.544438539741692
1.53929668254918
1.5379359252948661
1.535391378595944
1.5373177548713934
1.5362510727698342
1.5296920330002794
1.531831336683942
1.5290393408528087
1.5239631850820645
1.529768082620412
1.535428962557153
1.5223065951483008
1.5239994977718887
1.5239437931624644
1.5059322163601268
1.504775322874296
1.5098719983732571
1.5132680883728116
1.5116012294358772
1.5103006571283755
1.5151511613127955
1.5205745417907104
1.5221106306781786
1.5219884163222752
1.5259552576821531
1.5214429533669485
1.5250846538231764
1.5264831486681416
1.5251355798302075
1.5240257631702894
1.527112833084535
1.5234650381592523
1.5199390863110387
1.5248927096833014
1.5325965350744901
1.5325662789203518
1.5360266722905798
1.5332812911483276
1.533087366421587
1.5359220499585606
1.5363576545489765
1.5287803886274542
1.5324513300930704
1.5309748376882135
1.531908958323869
1.5224599049295409
1.52343577397821
1.5111955390171032
1.5127319469607667
1.5153900091368646
1.5154789243135383
1.5186498161434736
1.5260168239047331
1.5281247971566887
1.5215215159094106
1.5322719239159701
1.5322198456776062
1.5361173388172904
1.5430282279631617
1.537197125980169
1.538478746292597
1.5403343295849283
1.5434401340857626
1.542474333703399
1.5390782903613283
1.5369187156655448
1.5419153968109618
1.5508042858364872
1.5490272728557914
1.5507771076993708
1.5597295689771786
1.55316148467686
1.5479608534986777
1.5498918799677752
1.5465929033287023
1.5473810416711187
1.5470573954048732
1.548679867942687
1.5481200315082697
1.5502149052616363
1.538650710696406
1.5446854514162345
1.5471927749274226
1.5458434134801597
1.5529336340506246
1.5517131575198742
1.5527554327397066
1.5560149982443456
1.5613198027719368
1.5610725322810648
1.5649937641227012
1.5716108818210133
1.5669882989174524
1.5738534988721076
1.5722642285025628
1.5712935103085865
1.5668538989068284
1.5624349680632637
1.5643555587011577
1.5608181052507069
1.5587002199346152
1.5615344120470036
1.5610909845553829
1.5615215468523531
1.5678259737471003
1.566316009501498
1.5601624533678944
1.554636348196081
1.5590067893777222
1.5528982752996854
1.5513904525356217
1.5580389952126765
1.5696048824328073
1.5694643843184657
1.5775393673579365
1.5772267975433718
1.5752831931129045
1.5725477229860392
1.5694027603001954
1.566880876317824
1.5650259441912702
1.5656211205229957
1.5696911438102685
1.5655725923910686
1.5625392579861772
1.5721590137484542
1.5641587093513847
1.5656451913632128
1.5687685861971419
1.568242798721902
1.5631236219819729
1.565153831369848
1.5693139481894314
1.562807880768353
1.555519171705006
1.5532358476035462
1.5527546378288708
1.5603990629151554
1.5597417938691347
1.564227393817723
1.5620745791439714
1.5698146524938874
1.5701810221447068
1.5709774107146364
1.5741036140820333
1.5789295255860278
1.5703607929874268
1.5751649570331392
1.5729108179965283
1.5724518080927075
1.5754004455000046
1.5830230956506623
1.5813996561421897
1.5757093800806476
1.580788153490586
1.5689246884931507
1.5670047947340435
1.5656291582303787
1.5602389465423827
1.5624169779095798
1.5647195571706942
1.5563163468517889
1.5540171130750908
1.5647236236815922
1.5672432383423014
1.5669295924706086
1.5632735454961875
1.5556073683657445
1.5534465314321886
1.5563275804602938
1.5508801855442025
1.5527992345108357
1.556385073877021
1.5583228740322588
1.557129590017479
1.5668572844105444
1.5660079281699162
1.5665746600797905
1.5690520451947676
1.56920154600571
1.5716079336993576
1.5699330353555885
1.5681392507447165
1.5684698067943696
1.5670316802697044
1.5740179907886847
1.572827152095335
1.5722106561430085
1.5670648953886965
1.5666373805820109
1.566346954524449
1.566366897557254
1.569551295138063
1.5635115173303782
1.5690188590209249
1.5694489160150011
1.5726585732180098
1.5783492095653333
1.5809981762675764
1.5847644230715527
1.5970411892815708
1.596161932340448
1.6009211585382792
1.596522326366847
1.5903815325998159
1.5941987629345435
1.5937357342760619
1.6003378860400042
1.5964690887529298
1.593318443642092
1.5939446968910354
1.5938944129687789
1.5831688314417662
1.5804394244111861
1.5825520437307057
1.579747338975502
1.5773233663475954
1.5787285563042817
1.5810927975524591
1.5755413726859266
1.5740603539892877
1.567194184965314
1.5608077249363583
1.56260253156158
1.5668708292399485
1.5655846504274031
1.5620051882544115
1.556156768242744
1.5536346563145218
1.5621182376709015
1.561381675944504
1.556030077942016
1.5587495275005279
1.5592571478934243
1.5624555642849132
1.5613441592272244
1.556189689700312
1.5600390642027324
1.5625094842438998
1.554667943086178
1.5553362786125893
1.5526615381951712
1.5542552327828758
1.5546283370495244
1.5510001746312883
1.5456129129260914
1.5541206725631054
1.563012538760455
1.5613426122776612
1.560569255697921
1.5633812259463904
1.553322614618656
1.54895485364116
1.5552006452760962
1.5534864834983038
1.5512446457578464
1.5539630814342105
1.5520207442340312
1.549569235079277
1.5523935628812657
1.5442245591378003
1.5501828271533813
1.5542531927990577
1.5486204422634882
1.5443285006377545
1.5474122275482167
1.548757335837037
1.5513560598996161
1.5594466829620344
1.5604949798302892
1.5642465727806398
1.5677625904267782
1.5739213937986378
1.5707410085897766
1.5764922101225667
1.5666385266561147
1.5627053429314335
1.5578575999366
1.5542635897405035
1.553078841757857
1.5605455099323258
1.557111408002288
1.5555400491012106
1.5594814527629364
1.5583340403850472
1.5568253795534606
1.556475645230489
1.5476640679122238
1.543681475527967
1.546732754593082
1.5418826304562763
1.5378524082702345
1.5373033850329065
1.5407434287515946
1.5369225119458128
1.539914908029293
1.5462925278644963
1.5442118576695036
1.540195253369376
1.540255081391726
1.5390552232653618
1.5387175616520203
1.5358687575312928
1.5380573088508103
1.5350558108571917
1.5284839235205105
1.5286041625503475
1.5271263145613794
1.5275187360142395
1.527285261145289
1.5277041580671264
1.5231356591862855
1.5176950829850775
1.5204391938227841
1.5189249452592752
1.524305955279342
1.523729394919331
1.5183391442393435
1.5197161525404423
1.5326250349526152
1.5287457035215457
1.531603351278126
1.5301117149588197
1.5273629845374321
1.526157496748533
1.5270183552326662
1.52968227333403
1.5361140891774019
1.538283597402844
1.5376051168360783
1.5369463103082126
1.5446447803415406
1.538538974733549
1.5369575550110692
1.5373832520953448
1.542130580553264
1.5398025754241451
1.5399052119617942
1.542680187176395
1.545184992101025
1.5486411839870187
1.5505016802708866
1.5492010420342106
1.5500513275638246
1.5527701061803751
1.5510627074057326
1.5586137367782342
1.5473674713757504
1.5498752847525052
1.5486785660985274
1.541426325220357
1.54489187546544
1.5454303580109332
1.544164683324584
1.5414494160824899
1.5439048709283503
1.5382523880164458
1.5379957107226112
1.5438246494091752
1.5410057804187394
1.5395164699632817
1.5374824749096496
1.5330719361246132
1.5376208154617155
1.5444855803750253
1.5427441012020051
1.5418751270594917
1.5374154015733767
1.5357873205878594
1.5279322200139516
1.5287176404690372
1.5228890771284127
1.5167924477795696
1.5177368252173662
1.5165561848950753
1.5185500571919395
1.5231502158621708
1.5238851898351045
1.5287079516577053
1.5271933661817712
1.523214169389013
1.528410091401411
1.5351402857118228
1.527789960493284
1.5281872824819904
1.526187035809388
1.5269305685480512
1.530211796773297
1.5357086879782818
1.5324863920487184
1.531048726952828
1.5351089094480594
1.535819850385765
1.5425763759996454
1.5474540632063916
1.5495123741291428
1.54571680920029
1.5467958004043862
1.5449039717340656
1.5484310415766727
1.5418122807067127
1.5408714476126553
1.5415989055496504
1.542145713478635
1.5496980488983485
1.552494077791983
1.5496885358567247
1.544214732497483
1.5466929605808397
1.5501072075785578
1.5510128628243023
1.55353425125227
1.5617474762309171
1.5533282960792913
1.5573563243793997
1.5517136149597923
1.5522304770748565
1.5533145559222408
1.5556059503508697
1.5488909901794086
1.5545621245207155
1.5543734213397724
1.5594825486762658
1.5593206416308132
1.5646909694916329
1.5621041608851254
1.5634759722288407
1.566496131692628
1.5669188212152683
1.5604175498739858
1.5639242711517347
1.5594361657768354
1.5614246187397363
1.5603821579254977
1.5552651469822467
1.5557460452610983
1.5616769965364257
1.5538998238636321
1.5476001520808103
1.5569910708855608
1.5540749278380348
1.5475826024295247
1.550061797143003
1.5516491660730765
1.54770252263658
1.558949796713911
1.5516693928945096
1.5514242683890638
1.549598508122221
1.5455356169721262
1.5537862057022904
1.5549214533995328
1.5544965223114329
1.5543394583168237
1.5577092889471045
1.5585910619562358
1.557767249113268
1.5661419477203489
1.5655207194839897
1.5722657275125764
1.5773466588990235
1.576002008935732
1.569075661062795
1.5680058285193277
1.560242764263323
1.563928832713795
1.5646908875406387
1.5712123827914672
1.5651551539639532
1.563224601703758
1.5579624127614715
1.5613005692654907
1.5628046008999579
1.5598960470260181
1.5575165820833206
1.5640545781998403
1.5598991124543349
1.5678998909412207
1.5590759461064871
1.5623891652174526
1.5599369464505444
1.5522829598727161
1.5453619605782871
1.5529113580969292
1.5563846300551345
1.556653931586976
1.561122469866303
1.5649212130518988
1.5597399482482521
1.5611149063759928
1.5688668076903298
1.5665031711406041
1.562755385969235
1.561638919519652
1.5577260257046321
1.558954374947694
1.5601734339973012
1.562003060274355
1.561245935992997
1.5616449587478565
1.5605417771374066
1.5636321351757931
1.5606867413350565
1.5580061984653977
1.5606597559554842
1.56025609545622
1.5690560989874454
1.5753388176074679
1.5819074435193934
1.5772605431357503
1.5737363802135902
1.5718841033129722
1.5686688658322572
1.5703021947705822
1.5719815919168918
1.5738343526909946
1.5690341459295414
1.5774872278049237
1.5713866808763806
1.5693934775448044
1.5625853760175417
1.5664162560396178
1.562829619526882
1.5703098483013085
1.5709107674611789
1.5663593646390592
1.5659417326152323
1.5653601934250474
1.567593097579528
1.5728422639702284
1.5766817065379655
1.581503674029596
1.5856730669892938
1.5859164131580321
1.5896155852272247
1.5863723004047734
1.5878303820395216
1.589317797515071
1.5883072741814894
1.579062025764007
1.5803327591702379
1.5859436848040331
1.57712603670916
1.5769733123403349
1.5843051290860952
1.5735595134291094
1.5704611167751057
1.5730638083567874
1.5791103735243701
1.579780979104342
1.5732501060411348
1.5730003767002518
1.578598575183819
1.573572909803398
1.5733172504209962
1.5748565430132768
1.5777542602543784
1.5654000283293943
1.5613282515705698
1.5612449200052056
1.5592629427354472
1.5581261895768515
1.5662218448030467
1.56143480666379
1.56570508828757
1.5633776297123456
1.5574765472639678
1.5570324438045944
1.562256412917481
1.5678749782609218
1.5687476895363601
1.5711862146810056
1.5659371259029746
1.569162723777196
1.5714621577565087
1.569046458354517
1.5725035188600365
1.5666321363548925
1.5720341192260248
1.571569431190756
1.5707712437772239
1.5789028474869569
1.5796606542893559
1.5813660501816236
1.5741098816955454
1.572368516384692
1.5677312903854612
1.5635597291328014
1.56158325149886
1.566514176505189
1.5587258957568042
1.5591903736909956
1.5569052318677297
1.5515809583441682
1.5551452274963773
1.5516820441026846
1.5469235940198032
1.5443936866230876
1.5563628930360125
1.5533522736894987
1.5517734877802678
1.5511169874731214
1.5526612721845212
1.5608344763534887
1.5579373275922948
1.5607103329243972
1.5599446499231022
1.5531909121780672
1.549137786227128
1.5546419215132508
1.563600240441351
1.5654616047092953
1.5746948780687304
1.576364762936638
1.5663070166068291
1.567173994100432
1.5715273913173675
1.5676800067903196
1.570711996512482
1.574745785047254
1.5822549026420223
1.5786116299088133
1.5773960217984686
1.5691680415613214
1.5705387329609366
1.57334304846592
1.5765222161937773
1.5718212768688553
1.5649933661114983
1.559024338262682
1.5482457012776871
1.552105298489187
1.5434627751901946
1.540581485558178
1.5515630588094333
1.551025299051711
1.5433904692717213
1.5491450725005396
1.5534607198684907
1.5521515897187168
1.5500965924492904
1.5486984941956243
1.5583790213786282
1.565790056989099
1.5620189957241997
1.5633297589254045
1.571618488974738
1.5728594476570388
1.5681369513758463
1.573983972148951
1.5765138524567694
1.570406398153221
1.566888796792698
1.570019680181876
1.5717187213756683
1.5682514098011984
1.5661333204852728
1.570573101234889
1.5736911580294557
1.5654197202346283
1.5700143355178926
1.5740133354431662
1.5652222794923591
1.5706191196244594
1.565792703885495
1.5644115573119939
1.5686897988361819
1.5660447202004297
1.5591429673096713
1.553624890807282
1.5550535641575407
1.5575617585747947
1.5609742974130496
1.5578085609072312
1.555684719885507
1.552602389130099
1.5464015953551944
1.5439363066421012
1.5469152674590956
1.5521968688586683
1.55426841556885
1.5487458796359308
1.552438176820103
1.548721094172144
1.5512340072251454
1.5496867002017287
1.5534649387709751
1.5553612665595662
1.5583990316146226
1.554097184366453
1.5539515957023093
1.554740155836471
1.560982679594222
1.5641566268079177
1.555328111446889
1.5512424857230909
1.5482152851692894
1.547418110473651
1.5381126315635083
1.5347113376774928
1.548751336412024
1.544475362608191
1.5417549761618463
1.5348907485631087
1.5335380712147435
1.537056814516503
1.533161042830977
1.5406874582156311
1.5441249893528826
1.541424054574863
1.5348302193351495
1.5310550127040332
1.5221627254480798
1.5281554646775715
1.5303456978389371
1.5252255797156575
1.5282111709186776
1.5274406120505029
1.5361027430268768
1.536697034064401
1.5363178162504048
1.5355297372755112
1.5419013519454559
1.5372721962877884
1.5344319944488698
1.530363975990937
1.5222675581999696
1.5232724202138106
1.533960444818877
1.5363037865354259
1.5471703140649455
1.5431705645903315
1.5455918398165005
1.5494381803604471
1.5431448544518955
1.5453993448256897
1.5583845574929984
1.5519748215873137
1.548143623714911
1.5524311460471156
1.5507776624830827
1.5513690566579337
1.547029286485706
1.5325288468749767
1.530372276003625
1.529299747258768
1.5293038689452745
1.5305600346082238
1.528522388424934
1.5234436288212783
1.5208022245306045
1.5271393903953088
1.5271130155924266
1.5276766919334022
1.523812267683082
1.5322435708907391
1.537802401588199
1.5404215142588575
1.5351801023451435
1.537945356630702
1.5303704827685638
1.524459926269684
1.5304301886690228
1.5296800437468976
1.5292228279302464
1.5259056671130407
1.527658977937984
1.531664011426595
1.5344788620586867
1.5390099975683296
1.5402698388455687
1.533750508924406
1.53485964473579
1.5338365212910972
1.532813619107894
1.5335935337976998
1.5366814670136393
1.5392598076027166
1.540301357680622
1.5335250206629198
1.5267632145956875
1.5289886540212407
1.5281363904258267
1.527445342730385
1.5298238429598279
1.532078511723647
1.5289935086942592
1.5305471575493212
1.5309279727273981
1.5288601247150013
1.5359564827241585
1.5325762826750005
1.5316462033383857
1.525755575992497
1.5310569417039046
1.5377261769044395
1.5401547783904608
1.5362890350725733
1.5378827983183607
1.5405690960161849
1.5274413550963049
1.5287778875827467
1.53765628676895
1.54404390839878
1.5424722238420259
1.540980886478863
1.5399020844138858
1.5329604912196533
1.5336555989659937
1.5345218482889431
1.5308324917570797
1.5384547890299842
1.5372464239867478
1.53107602326056
1.5325081138264727
1.5339521215347256
1.5319469011703284
1.5353340814594132
1.5309296107320562
1.5325276307135252
1.5375707702360049
1.535178180178748
1.530485798630915
1.5404274796127186
1.5350303240276673
1.537699990067901
1.5420399008387466
1.53954719234139
1.5353071964611325
1.5428172194805043
1.537976540797145
1.5335806188538457
1.538005538849658
1.5393475353193724
1.5320487808008627
1.5357657332927508
1.5299405442448577
1.5334447691463877
1.5350742141390454
1.5334011034095512
1.5351019668781674
1.5392376380653732
1.540647191526883
1.5463273245105122
1.5499645020408497
1.5489548169295344
1.5476206222878992
1.5429839036856379
1.5433628074109995
1.542805776836438
1.5457416057672417
1.5438686099980703
1.5407435855197174
1.5379524358526984
1.5370998605174446
1.5337133340758293
1.5338888559800616
1.5327803233199055
1.5396810718629295
1.5351420912723845
1.5349575206252848
1.5385474782041177
1.53778129012095
1.5292087406640869
1.5369061795677785
1.544613595949313
1.5371762529620145
1.5294170366591304
1.5408738760303953
1.5452628227021505
1.5458536956119542
1.5457671639828086
1.5455091155470615
1.5503156854185192
1.5492017153666082
1.551708616771551
1.5519176640472392
1.550327033137399
1.5423486208915298
1.5396923868690109
1.546596366923758
1.548779555832339
1.5448508627507718
1.5538640468294014
1.5587618002002457
1.5553459434991224
1.5541033599362155
1.5467272289651532
1.5509770650737402
1.5520748261959545
1.548050563603793
1.5537108387288217
1.5571019221563827
1.5540072878542879
1.5581609308393773
1.559025669597301
1.5601721321376758
1.563302028003632
1.5680554450251944
1.5626127314029277
1.5643494706247532
1.5657242020160618
1.5546269393144698
1.5488388886541842
1.5462157927935458
1.5409046922434957
1.5471863716067373
1.5511217586516362
1.5415435651982186
1.5370446637853323
1.5419844708935235
1.5368254757242443
1.54195239963744
1.5422787488130396
1.5353504550714758
1.5353521627456193
1.5376272268270013
1.5339405964180262
1.531128217361028
1.530627909219485
1.5232135544786363
1.5217836284939767
1.5251927607149853
1.518056464336748
1.520790489265319
1.523460115960877
1.5286965523722642
1.5275361904788602
1.5276746182911458
1.5196231012912624
1.5186546426643335
1.5154903818091106
1.5120268586605592
1.5116050930330382
1.5121733739053638
1.5125442490807293
1.5113863373811305
1.5112658473491658
1.5108690575571813
1.5072684507544858
1.5097976838143463
1.503388716044123
1.4988021567500405
1.5004589718695447
1.4962670484331162
1.5031326959837212
1.502445777005912
1.502518735564978
1.5090712962290462
1.5090414684973996
1.5048083495354725
1.506316896407645
1.5119679066990437
1.5077831505884938
1.5109530382950962
1.5097735433221737
1.5070967418153827
1.5088930439890864
1.4996215212006032
1.5015649335755255
1.5049859788146527
1.5023752167516782
1.5024675454630847
1.5081817898382333
1.5031831256240558
1.4955985554703233
1.503614266662961
1.5084356180070453
1.4977294645036359
1.4919816902194318
1.4942912346822204
1.499027356572709
1.49753314617846
1.49091255941279
1.4877019685456785
1.4857340849402967
1.4858413353627704
1.4851024924853764
1.4903435527540032
1.5015443049988442
1.4983417506530976
1.5001716706446286
1.5038092202838853
1.4977240252066155
1.4934642222797505
1.499452172895623
1.4960230124156013
1.5006001687725796
1.4940107680188806
1.4975293721408098
1.4973027388859912
1.493373574321833
1.4838313691574196
1.4922458067862772
1.4933927370094071
1.4911328192123263
1.4966601272118762
1.5036168017926042
1.498086572450593
1.5023779300064317
1.4980128150906864
1.4953846797547237
1.5017981914943033
1.5009639993142594
1.5029414936539909
1.5056154660494239
1.5028278702796698
1.5063006748807524
1.504471401765912
1.51632368103309
1.5155597600977584
1.5178348378639799
1.5195236783945438
1.5261845402986243
1.5259987390246834
1.5261147771982702
1.526370855926161
1.5269328205547463
1.5261479491829872
1.5306497418476144
1.5254926605839538
1.5307160133487232
1.5283096554022193
1.5306395044622014
1.5319063399997033
1.5298636602819633
1.5288730476257053
1.5309571993209397
1.5297756509873892
1.530269431812972
1.531239631938412
1.5350919730021964
1.5371302680516314
1.5399900220488962
1.5444129522228318
1.5388386027561323
1.538472516762158
1.5409796601176629
1.5384097623554451
1.5455559767497493
1.541838998415524
1.5435366551281968
1.549175738070217
1.5496514916617332
1.5524596206932952
1.5542404328625998
1.5538538197488656
1.5586901428377777
1.5530541751497549
1.5560555173386723
1.563327992950246
1.5595404843907692
1.560416766447789
1.5632883859067093
1.5665928510118485
1.5655378089342111
1.5632241409486656
1.5684075616180084
1.5719637110573386
1.5785511360432685
1.576526951758462
1.5781720944155309
1.5790363600123363
1.581849847128651
1.584228462437885
1.5859037116345214
1.5815292067569675
1.5787133570745169
1.5778619738357782
1.5860844172625637
1.5828565308523472
1.5843629072710539
1.5911957737573734
1.5932557440457953
1.5949996358007288
1.5981995688804553
1.600279371686015
1.5993856349382733
1.5986931376569269
1.5925673985934128
1.5924611710178116
1.596614467374462
1.5953549794523851
1.5917822938507018
1.5864147527097805
1.5835212467018587
1.586098211211247
1.585851731193699
1.5844106639530613
1.5836055383276997
1.5907300081607365
1.591418007585938
1.592797204184804
1.591584539216677
1.588482395764218
1.5860206877032175
1.582478152466995
1.5744551531195687
1.574879070563389
1.5711493426059397
1.57388902864329
1.5801311735740617
1.5760665853504852
1.5791255472596253
1.5851810270399362
1.58182105888635
1.5826817310668955
1.5805521999119225
1.5847397444743414
1.5732104782200886
1.5719871708617388
1.5667357510309674
1.5671603719975582
1.561729392231514
1.5677116417618162
1.5678973193696952
1.564195084197557
1.5688798373396458
1.5675303077129763
1.5602995606801529
1.5606854423468959
1.5601251996987562
1.564237196784735
1.5683756777582516
1.5607756068178202
1.5619786223024061
1.5621312366534588
1.562590811216216
1.564911911006408
1.567342201360793
1.5641208178920445
1.563576536840023
1.5643652058273754
1.5596059080103128
1.5550841956375954
1.5611707985937064
1.5635221146279323
1.5608533205829804
1.562370724038331
1.557007153970777
1.561794400950566
1.562524563671378
1.557078182036883
1.5605915718156476
1.5661856745431442
1.5605218159346461
1.553893135684422
1.558608153606234
1.5640899741797067
1.5642561036915565
1.5586676693764112
1.555637186304263
1.546481377250418
1.548255504453158
1.543956262804848
1.5442164337971795
1.5490095214602766
1.5477506625173427
1.5494115005797713
1.5490829883134751
1.5491302234745858
1.5502674176341769
1.5527041150314846
1.557272726770481
1.5593229177891486
1.5620653929355803
1.5610336083866843
1.5589607350543206
1.5606016893040608
1.55501929594117
1.55249969868499
1.5483168935440526
1.5478263212058625
1.5491881859265448
1.5601476428271155
1.5591204907639504
1.5663541456505485
1.5733003691133558
1.580405040661275
1.5765800273294999
1.582093636153506
1.5754130757004854
1.5781380728064105
1.586572619104529
1.599140739349913
1.5967153882801628
1.5977099331463578
1.5976069578109997
1.6020286682326617
1.6022046450087348
1.5923511829830677
1.5952650778675386
1.6002521450418994
1.5996208591250953
1.5981117938611453
1.5989395902085501
1.5939813523901152
1.596677103561733
1.6005846150641465
1.6048948144207607
1.6104672580302903
1.606417051856667
1.6159919596647574
1.6154545891593874
1.61568130186319
1.6140492591803879
1.610017621217013
1.6104897639522138
1.610924763274705
1.622311723728624
1.6234020569515164
1.6234577165208623
1.6193250004396094
1.6309704517025057
1.629634718937336
1.6342349074108204
1.6325920678154042
1.6233736936453298
1.6255936639771442
1.6257057623246411
1.6246429491357608
1.623795216371221
1.620540959079864
1.613447671060142
1.619815769397363
1.6172144047610755
1.6141441829856669
1.6141517275227213
1.6149397213464143
1.6061791643097842
1.608522311269243
1.6109651536688352
1.6101240946193462
1.6137805711499507
1.6248407758056027
1.6189552119190267
1.6138482792450508
1.6172781752602952
1.617445108963465
1.6172906655553125
1.6200433728156107
1.6237423539299192
1.626978735458082
1.6188933783808026
1.616492546372126
1.612777167187811
1.6269817388739318
1.6208853244442207
1.614372294806027
1.6102888649782623
1.607261633607178
1.613070512116446
1.6171310098978073
1.6117616976263238
1.6140419537061559
1.6150683602684226
1.610777691087556
1.6017373786028515
1.598847061025686
1.5916431885716502
1.5939347786209397
1.593726294981807
1.5905469528845992
1.5865277403744873
1.579270302342009
1.575710422819527
1.5800930716279402
1.586389947741564
1.5852246067997406
1.5829074064060245
1.5860677309019595
1.5916678174745835
1.5856183165216422
1.594084914447208
1.5857653129572682
1.5784063505033061
1.5766808664192382
1.5725906171941322
1.5624736559461956
1.5705251790717591
1.5625483523439985
1.561042391731109
1.5563066480070629
1.55224579428535
1.5481154648489144
1.547687000419441
1.5484201090119918
1.5498327032602903
1.5511541276522585
1.5489138717706785
1.551047774818798
1.5466213400898743
1.5430305892445304
1.543501848086395
1.5415598577616647
1.5405806961079598
1.5479971193493283
1.5457257253720686
1.5405754930623214
1.5427242265984038
1.5387340856111091
1.5454542981101258
1.5403423826189757
1.540473726663737
1.5318238451510175
1.5316601979348397
1.5376719851996685
1.532310484685849
1.5303701373237328
1.5276531600352394
1.5321344861642348
1.5338965594943692
1.536699263239007
1.5287659310016508
1.525415812585928
1.5329551528903653
1.5317323117793467
1.5435688444647206
1.543621512762654
1.544466807357527
1.550091293035743
1.5509437264634227
1.5528002294272012
1.556166273113417
1.5524096737986683
1.554343360142301
1.557392646789584
1.5569174460215607
1.5591008535566147
1.5676239072856588
1.5667310943815866
1.5626494681176106
1.56413697695344
1.5593992259191378
1.5515984078228278
1.5515543440574087
1.5489061982674093
1.5418111854304666
1.5375173210702664
1.538484873077743
1.5279685400705711
1.5264327570930707
1.524652071072835
1.5310000452847878
1.5270330867397532
1.5396281535053449
1.5265679171754931
1.5330061576942307
1.5461543667723285
1.548075265531341
1.5534179288102932
1.5490381587308137
1.5572429424643242
1.5719641641743853
1.5738475308559652
1.5704178947648342
1.5668411279129686
1.5748020941479004
1.579962953783144
1.5850215644402246
1.587066615965271
1.590503644019977
1.5909182813751488
1.588258278948757
1.5886723112567194
1.5908859366235162
1.5880245358303293
1.5824224604226842
1.5832609404795241
1.5861499823541154
1.5840178840878634
1.5758391621807777
1.5739993318852927
1.559679874341901
1.5659509467554564
1.5833655815143033
1.577791612349352
1.5786801599408264
1.5871056506369936
1.5804342821619894
1.5919403982202465
1.596934694053759
1.593037412946771
1.5935873366893798
1.5903952195286921
1.593171169526335
1.5913340499284225
1.5916593793144218
1.5913076979835958
1.593245745417704
1.595488884244142
1.5913426985028358
1.5901999937190205
1.590128973576437
1.5919373309748415
1.5982011147590485
1.5979318779822569
1.5983209953020512
1.600116831576553
1.6017246840109711
1.6036532789001927
1.5983728999409905
1.5948970850321313
1.596000837390601
1.5996848384004363
1.604731066741403
1.6001970062086397
1.605652299551585
1.6076808036371486
1.6023432718681736
1.6006241410929583
1.6105943000056087
1.6070604360801217
1.607618164082038
1.6151274365906867
1.6009235194352265
1.6032871424637427
1.596725945879192
1.5901902257616098
1.5902142913249175
1.599427599987017
1.5947827416655564
1.5961008419111693
1.5970561891388615
1.5997982779227875
1.6022784026803982
1.605976901232219
1.606883845642401
1.5992449270368962
1.5957487174840737
1.597573571956082
1.598445125450738
1.5955368376047872
1.5978329134509779
1.5956609407759244
1.6023554538173768
1.6058500059277807
1.6100396673477226
1.6151700907105866
1.614480488458339
1.623161225302562
1.6230754494682476
1.6241818789890285
1.6257970587938542
1.6277215155609381
1.6165197070059958
1.6140831013824617
1.6079535209537252
1.5955517086967261
1.5884533150634723
1.5895357367137453
1.590096743074977
1.585622129751019
1.5848906550026098
1.5754980075263751
1.5731042530134334
1.5797846896312655
1.5695807543886602
1.5717292301433654
1.5691836916988644
1.5657775581036513
1.5640960254313532
1.5660879695131573
1.5670998275865389
1.5729850019014429
1.5812861247998202
1.5864263491139032
1.5859468732770503
1.5834735039568768
1.5770906623253071
1.580399159430761
1.5874521473376904
1.5921790351874971
1.5964500055443722
1.59538630787869
1.579993102384239
1.583144642179054
1.592674120359426
1.5848417819036131
1.5834159575869202
1.5756080809741095
1.574800836442343
1.5831898283225072
1.5803653856843138
1.5764679376483326
1.5788282874181414
1.5850177882534717
1.5808738582683102
1.583537569131786
1.5799362130149772
1.5756371516430516
1.5748767950132676
1.5818388252296858
1.5807879851356177
1.586466196041475
1.587022593252932
1.5800343434461084
1.585135999003888
1.591435593866256
1.578761707559018
1.576009591005927
1.572430417258476
1.5703548036796355
1.567344860540942
1.5626397341254454
1.5586223749864345
1.5541750319718508
1.5511661117932085
1.5497575705376312
1.5517537014961784
1.549368070323667
1.5385640551830186
1.5404102425141244
1.534100048208576
1.5247992620080613
1.5252976763033723
1.5308134992524713
1.5311879302618283
1.5321807733450123
1.5297691953906094
1.5153940783746451
1.5243993330429624
1.5223460832888265
1.524640258525773
1.5253195888468372
1.5294133152783302
1.5189607813772514
1.5219276107487945
1.5245517844976895
1.5289314165135488
1.5343337985065697
1.5353722041673408
1.5320273025516942
1.5328689862267746
1.5335322315992392
1.5276076834355279
1.5263982863606256
1.521617913151034
1.52464603354817
1.527396644115558
1.520910950022523
1.5183768921267173
1.5204569634999652
1.5161608257947368
1.5100380030776213
1.5146550022777927
1.5222109878737677
1.5248311174706308
1.526618415650342
1.5349449906519077
1.5306186543221445
1.5366113256777678
1.5317639007970714
1.5222612302083265
1.5260252951494702
1.5289835842014756
1.524698841622913
1.5318288341421153
1.5263235185615804
1.5265012449128827
1.5287734940774407
1.5298761964602041
1.5217390974808975
1.528405443098735
1.524327993421045
1.5157651690946847
1.510864692255117
1.512538165720984
1.5171018036271442
1.5158848187939007
1.5185889771753123
1.5110206340791732
1.507217157756404
1.511822547837491
1.5062022745388637
1.5072918192842175
1.5078333191249635
1.5041627916873759
1.5078200168040048
1.5160151370282164
1.5147035486002571
1.5099072916161078
1.5122888971370008
1.5152485148039876
1.5234018911660185
1.5249907619583403
1.5174443994919324
1.523276217910951
1.5230555247933966
1.523760578708056
1.5270747111502698
1.5384358340478617
1.5370594126884265
1.5369414295564727
1.5288190464060778
