0.7033495594556036
0.681325308731606
0.6773760596484428
0.6575119294758922
0.6359852683473628
0.6379465283042384
0.6316472267044434
0.6209124398401826
0.6450386130469141
0.641442681924538
0.63642083315877
0.6354571306112716
0.6279211020032706
0.6241037223058147
0.6280963546042782
0.6259208507086377
0.620861763773631
0.6291106833149548
0.6246625819313303
0.6232912282948868
0.623663528629765
0.6221800832302175
0.6198171165691414
0.6207876109524605
0.6188228974507493
0.6170210445727847
0.6177444094348516
0.615585802427472
0.616139712017787
0.6167025020935886
0.6154484048849942
0.6138407697566493
0.6152482733944837
0.6139920703910314
0.6120761982110675
0.6124712734904472
0.6112968123173145
0.6093827549823815
0.6103939361943268
0.608781616766408
0.6078214653946896
0.6090517293151988
0.6067136583023199
0.6060159831302865
0.6072156568114492
0.6074667227887061
0.6066878676103946
0.6089406677381534
0.6071635040973037
0.6060040407556806
0.6065395015065582
0.6047849461586278
0.6034469869813404
0.6053254068108054
0.6042474425844006
0.605433677772563
0.6090755225628832
0.6080230484155036
0.605524638565518
0.6073744000470107
0.6059486592757476
0.6045043880037221
0.6055197762435748
0.605917812345645
0.6042471209580036
0.6041424806836118
0.6034792116335593
0.6013304821892395
0.6013309836184064
0.5996019142262392
0.5983092438917923
0.5987987308326922
0.5971359581904085
0.5971614230538299
0.5973954125410357
0.5969353854361172
0.596369545659132
0.5964718677305338
0.5952845861470211
0.5940691757434865
0.5940450570636681
0.5925027665844936
0.591832439851894
0.591064430581142
0.5910030902618376
0.590906823461854
0.5907324240737978
0.5897076396243075
0.5890287322766041
0.5894375326937485
0.5875399737600874
0.5866636435972593
0.586100530070231
0.5846690012688626
0.5845960148857205
0.5843591774085553
0.5830513362280858
0.583239793283811
0.5828756135492869
0.5826449207377802
0.5812977643985008
0.5799288598617077
0.5778676012992162
0.5782841568503159
0.5782307168681826
0.577762899695832
0.5780665939975794
0.5771624580052187
0.5733242023037777
0.5718637963928362
0.5718794544700581
0.5714846411023824
0.5719821114206378
0.5715069145758513
0.5696649487591501
0.5682862315547258
0.5687571575180925
0.5655307695072224
0.5675134350914045
0.5684843679117741
0.5683130191153768
0.5668371946528424
0.5676888982525378
0.566550320136557
0.5653777993037071
0.5664336477875377
0.5651774536863742
0.5644132734779466
0.5630416159863908
0.5612092722377046
0.5608133443856321
0.5611585486541962
0.5598524508816021
0.5605248619261519
0.5606442143866398
0.5601724613094289
0.5588789400443737
0.5611415880105539
0.561109681260518
0.560101159691551
0.5606846451164578
0.5601291240802768
0.5606086339976608
0.5605630348741525
0.5591807067639567
0.5594505943379855
0.5590514525476022
0.5571990691786344
0.5569577392622839
0.5560268373960794
0.5552917908932979
0.5556340304079906
0.5560823037834275
0.5558976025149657
0.555636557647352
0.5552316883480868
0.5518779320053562
0.552258531389194
0.5536764944477666
0.550786969969421
0.5509085049139597
0.5515097986263793
0.5501076433238712
0.5481728424356181
0.548578171188456
0.547147545208738
0.5468608308692966
0.5482115672012835
0.547131353746956
0.5470121332039415
0.5485058700925812
0.5482418832196938
0.548118767690321
0.5473905748497468
0.5468143963367025
0.5474263919187407
0.5485349551823191
0.548431064838474
0.5478939929817712
0.5497608076456936
0.5482735659277279
0.5506906612355764
0.5515622745720524
0.5511352867019947
0.5508299986435731
0.5506339503035445
0.5505458622540875
0.5510289200754653
0.551723339733933
0.5514517020539185
0.5538991122889073
0.5541600864344729
0.5542472254956895
0.5552070129185328
0.5558679196936381
0.5550970303782485
0.5562765724093065
0.5561937561156545
0.5563790550129784
0.5559349069780832
0.5563044863692966
0.5566072132145002
0.5569119467799841
0.5566341271826155
0.5559491159988216
0.5550928592221802
0.5546543234264575
0.5544152394786463
0.5547398641299239
0.5553989095763078
0.5541739918133424
0.5540947824248085
0.5541939353073689
0.5548038008797941
0.5550895710237785
0.5557382090828858
0.5545121536193846
0.5545991585715665
0.5529930138699176
0.5512949573688228
0.549620195766571
0.5522656020642079
0.550154441277852
0.5507094722409015
0.5513397882043546
0.5516361307742852
0.5509213277680769
0.5534456619353894
0.5550389540940962
0.5554786690317901
0.556859161397332
0.5558068409202452
0.5567021742341833
0.555566282788063
0.554682165212894
0.5536065598425669
0.5554851071200694
0.5535611988557018
0.5518489094687427
0.553083524194369
0.5527874625828574
0.5518602051439037
0.5519454286234812
0.5507854573438781
0.5505013025394973
0.549689132290974
0.549747608935109
0.549598412784472
0.5499684389947315
0.5500665235808261
0.5493788382401248
0.5490588006514482
0.547841172345494
0.5459800261486695
0.5478527052313842
0.548012148089083
0.5478521975790206
0.547848233047364
0.5463659379939863
0.5463239695659289
0.5467071092471086
0.5463899668258003
0.545798297452387
0.5463017119525545
0.5479909655065225
0.5481496097315186
0.5479677808071529
0.5463135187686009
0.546483553261904
0.5486556604096618
0.5471850578920813
0.5453921939864675
0.5467649702778836
0.5477345484113659
0.5462226441387553
0.5449798607617214
0.5424575808182888
0.540903814289978
0.5413538713088455
0.5405611464288689
0.5412926410261002
0.5403942177224281
0.5382573870137595
0.5385694751325649
0.5374644544839164
0.5383783131995556
0.5382730941985342
0.5379375693935246
0.5371595681608345
0.5359959995731594
0.5342434603207197
0.5345502438450775
0.5343337423627941
0.5348623280015683
0.5344311111240069
0.5339123775828892
0.5351892925245229
0.5336588633972688
0.5346154614109566
0.5346447542130017
0.5330664986861301
0.5327149248877971
0.5334833137156905
0.5327053521603845
0.5326013861424602
0.5344198621536895
0.5352280753663099
0.5362103022672726
0.5369991537364469
0.5364155282309612
0.5379288801377726
0.537362860862915
0.5367845096979661
0.5367548669963388
0.5378442130536158
0.5388384352598119
0.5386333656378937
0.5402809958696922
0.5399702784383379
0.5402755739255485
0.5405412749610808
0.5407470776703829
0.5420564772130135
0.5422654747453153
0.5433396799885871
0.5410996158974791
0.5432790733655182
0.5411166338423635
0.5415752610210016
0.5419609435695815
0.5398394294839811
0.5397880987824485
0.5393681048830367
0.539362856974896
0.5396980648993025
0.5401597854411808
0.538236977028499
0.5377236745326097
0.5396367321328307
0.5387506581822081
0.5388243754951464
0.5393982840818956
0.5386116635047677
0.539685553571266
0.5412360034312449
0.5418969016139824
0.5416125220267777
0.5420617846469302
0.5413519416163345
0.5417065558244769
0.5439000872155639
0.5435363387065394
0.54449043188712
0.5449247660567961
0.5424554840078515
0.5418093362399115
0.5410627769308034
0.5395746558054968
0.5407819646703115
0.5420798022072316
0.5406724300229687
0.539536826776836
0.5407651732364337
0.5405221528895047
0.5391086471927485
0.5405609716870827
0.5393817026849819
0.5426194055534055
0.5430799538476954
0.5405264874896463
0.5409547468449483
0.5422366516040548
0.5413570574315161
0.54001991883918
0.541315799248443
0.5406559839676197
0.5423963285338744
0.5434399397153417
0.5442890198323515
0.543621696556169
0.5445434761336786
0.5444269278849995
0.5466942831698338
0.5466429572770954
0.5474698952220521
0.5468983861516821
0.5471837506523523
0.5470641483025928
0.5467467820479193
0.5471778797999661
0.5478787239524319
0.547352782614828
0.5476624314737039
0.5465537597782126
0.5464216129100931
0.5477917690658256
0.5461184234137824
0.5467751401881322
0.545564624628692
0.5450669470496794
0.5453709706662387
0.545329535782955
0.5443533925695946
0.5431832545989466
0.5439953583882942
0.5415909771172869
0.5408324403684093
0.5425997226783794
0.541632897619279
0.543080482883864
0.542239815388345
0.5414532240686484
0.5416544538842645
0.5415625327105235
0.541750711336567
0.539691324802431
0.5407414702097852
0.5388296020512481
0.5379566951357275
0.5376163281029559
0.5381698651809964
0.5367427725005472
0.5384021670630649
0.537681743976775
0.5355892316561335
0.5362926708321748
0.5345176611632909
0.5347997242579349
0.5332265364714966
0.5321071545585508
0.5348558354379102
0.535487690261111
0.5358301459214203
0.5370031848976828
0.537109469441329
0.5366403675944461
0.5380990438214488
0.5381600799438211
0.5364839089614665
0.5365155435686499
0.5357426213170448
0.5360383425449209
0.5368149703026046
0.5366527095823114
0.5352227724784524
0.5339370045849554
0.537638900849692
0.538222439999181
0.5379735052134486
0.5390542470079313
0.5365947349344792
0.5366131780543458
0.5380604459758511
0.5394918387661215
0.5407907044102623
0.5413752783973537
0.5418651213701795
0.5417437906735897
0.5438333369549038
0.5435231872827542
0.544337856164572
0.5451024526927492
0.5449988829757332
0.5463081618411758
0.5457358268190011
0.5446607776900979
0.5456443510570863
0.5432685253861238
0.5426037119564946
0.5427893932965207
0.543520787869904
0.5422212025676185
0.543462468870655
0.5444017920123655
0.5458459168965547
0.5462344310986051
0.5472465842999529
0.5465550935461011
0.5458817614403361
0.5456970927304338
0.5455534253115316
0.5445279607878772
0.5437490743005409
0.5430857462856673
0.5427642817845737
0.5425112996478467
0.5415021397376197
0.5414710986692017
0.5419470646563593
0.5410072179480502
0.5403380392838616
0.5406523106483587
0.5392384617403679
0.5389690652872912
0.5400408879795562
0.5399752089214431
0.538829901990602
0.5389388448426019
0.538989077692331
0.5388356452831615
0.5394684275955266
0.5384907429507378
0.5384679496795743
0.5401933726444464
0.5389057096760832
0.5381562089517316
0.5375531526328932
0.5348685353027576
0.5377127352651474
0.5378904350501269
0.5400728543744802
0.5396121761932606
0.5394196995912098
0.5398447406307442
0.5408002132567276
0.5423687957205844
0.5413872759701739
0.5416093936097677
0.5436912991452452
0.5468784996017052
0.5461212164683321
0.5477788900248569
0.5454361505096298
0.5442789581764731
0.5447999969876434
0.5462560923836102
0.5465123921175821
0.5480693281042979
0.5482361549649142
0.5483248814432011
0.5463089987325608
0.546113922130179
0.545514091338699
0.5447265710564126
0.5442963127958926
0.5439114514249309
0.5455041957569553
0.5451988541412797
0.5444577898800064
0.5451321925433681
0.5455411457704249
0.5448135896050761
0.5444173085986753
0.5450409773241293
0.5454612687993134
0.5455745952619637
0.542364889361685
0.5412012127362539
0.5422552633301979
0.5415319800193421
0.5415804120096002
0.5418954165918979
0.541071846247531
0.5403772484952829
0.5404983327666582
0.539156949978914
0.5402208784388242
0.5411293683186021
0.5380374210176031
0.5373551471608503
0.5379873455151742
0.5388239497951263
0.5399840930278222
0.5395905606715019
0.5392888210506731
0.5402215501546173
0.5410103747238372
0.5408970518697166
0.5403433605992842
0.541306261160177
0.5396445873073251
0.5391356549043771
0.5385733507737226
0.5389564952555453
0.5375480816153334
0.5372245799866199
0.5366844597663798
0.5361753984438882
0.5363344328664169
0.5360539195412253
0.5349387552836269
0.5359455084639771
0.5346809254119282
0.5346603438920495
0.5359513216389105
0.5347484542256756
0.5354490465999568
0.5360060763028904
0.5354931743374435
0.53527274182821
0.535509321131073
0.5349759711864474
0.5354178930531328
0.5357457133651427
0.5367214780165322
0.5374283087430686
0.5385126173538581
0.5389825531811517
0.5390029819928668
0.539299137065402
0.5392558729752007
0.5397115857368724
0.5413973130199113
0.5400734402972206
0.5414318800634702
0.5426978325171509
0.5418468605431422
0.5422906990254212
0.5405238290725799
0.5395689326011265
0.5382651532006385
0.5398136384321349
0.5395790720969208
0.5373417402459524
0.535510341566917
0.5367011393691721
0.5377034827252776
0.539172517443514
0.5371582108954258
0.5332865113567228
0.5342887544936803
0.5326534640838081
0.5354070328566128
0.5370286040994702
0.5377270746048166
0.5372387959041592
0.5373860443594158
0.5347081682392543
0.5335594503440262
0.5344349723242723
0.5354262657889624
0.5353733279369789
0.5353968346879663
0.5344830119015359
0.5343211142679619
0.5354883605310732
0.5329203922052664
0.5325341040013215
0.53380056268969
0.5330623806956768
0.5325629573566697
0.5319403328184318
0.5313605752063029
0.5301405994493797
0.53002637760648
0.5304058547818871
0.5298300656587897
0.5299146896658828
0.5292602026072568
0.5280676918872038
0.5283673324113752
0.5290189608375799
0.527321495126064
0.5262843160720416
0.5248279817149966
0.5240231150711392
0.5243212947215566
0.5249810012628973
0.5255508943439409
0.526489589761442
0.5256705228659058
0.5277094838756082
0.5276915859016764
0.5265387904637184
0.5276511915070167
0.5273577381270128
0.5263290163896507
0.5257245529024537
0.5270639244680351
0.5258712195426195
0.5274700035121664
0.5298840355612575
0.5300587067707729
0.5281850757342457
0.5286800082996215
0.5287581627558036
0.5280498060825692
0.529449594472316
0.5303470263139312
0.5306598185037165
0.5298347681942794
0.5291455756034139
0.5303082571675998
0.5311157749174705
0.5305194989006593
0.5322355623489312
0.5331655713768931
0.5329293802116986
0.5330439357310128
0.5345071569095933
0.5342306945094057
0.5338149416426043
0.5354382452543391
0.5349836942177137
0.5317415748365328
0.5308935007531155
0.5299611157628796
0.5292395243497198
0.5298688764468534
0.5293085272507848
0.5288320726084066
0.5292749928744036
0.5279798566483401
0.5280294352559626
0.5284332210657934
0.5278513054578134
0.5283266056486077
0.5292012765122256
0.5290271495402235
0.5285276137594894
0.5281918115007709
0.5269227898231987
0.5259750721934905
0.5291205379315329
0.528270154620315
0.525555021196275
0.5266710214760644
0.5251163387672549
0.5250173872498284
0.5270414772813021
0.5266935540532358
0.5255564686600221
0.5248710255050211
0.5233996433904878
0.5238094187479362
0.5228049348812276
0.5219247039378743
0.5218601980291071
0.5236144749088946
0.5233047779626285
0.5212822987118625
0.5214279105316152
0.5206141030026669
0.5204727451113351
0.52126613392279
0.5219864492977642
0.521731377498708
0.5229798556125848
0.5224016125185741
0.522045041536754
0.5222634232836836
0.5221692102463111
0.5223462168753852
0.5224851214920107
0.5212367986185459
0.5217462058044787
0.5224330999074782
0.5212842420720463
0.5216833623832023
0.5227965812623505
0.5222594073328294
0.5217430634700315
0.5225827228079004
0.523277951718342
0.5230180514680697
0.5243493389159974
0.5234755106208311
0.5225033957487416
0.5227257458288794
0.5229099348401242
0.5232131476285786
0.5215884995867256
0.5189710171583247
0.5201034334209562
0.5189918867420394
0.5184418411168975
0.5182550709257826
0.5198477807702347
0.5181509990032822
0.5184205228381503
0.5211219158165828
0.521707289186842
0.5215378779030084
0.5222967628498815
0.5204438796514619
0.5206320948303239
0.5199471117064703
0.5191795077313582
0.517224559867372
0.5173413488713429
0.5177149977310992
0.5167250151137551
0.5165704387234951
0.5191502642468422
0.5176736745224136
0.5171199113102248
0.5161363427883562
0.515048550396747
0.5167398560082949
0.51572667354371
0.5158177457798321
0.5173499372319155
0.515164677934262
0.5152226725228972
0.5160980563002423
0.5155289795312847
0.5161539134282274
0.51617394246008
0.5141611389691605
0.5155040369219019
0.5158319235209425
0.5156849765000007
0.5152085746339409
0.5163894233284351
0.5148917441623239
0.5150603111407888
0.5153029277044822
0.5179068910960185
0.5172200707624983
0.5177406394565905
0.5163721065325172
0.516578227187875
0.5175934090930749
0.5146346928190674
0.5160372474558546
0.5177938545439184
0.5177661006723221
0.5191330688317403
0.519557331245271
0.5172664812536989
0.5179632271025149
0.5182377995029018
0.5153295349592808
0.5153394331212537
0.5146357104450846
0.5150276071178164
0.515073530321653
0.5161917404442186
0.514950777625574
0.5150987383140179
0.5158941351198344
0.5154745107973039
0.5163337683372642
0.5174104217302632
0.517986771589499
0.5163413119636694
0.5189944026610467
0.5173774848029984
0.5182431806380555
0.5191051654496337
0.5194364367028114
0.5191307895110869
0.5205050782245724
0.520140571423163
0.5236567594204896
0.5229094368634002
0.5231959412811169
0.5254467657645467
0.525312301910388
0.5248073002594551
0.5252998414940226
0.5254187771795401
0.524968694364714
0.5258282922988327
0.5265641482372352
0.5271359898157795
0.5265741469107003
0.5283989156593062
0.5273857399473703
0.5268964550429773
0.5268692030912774
0.5253144934916484
0.5249144999666951
0.5244817525216867
0.5251025238334918
0.5235751708441686
0.5246203962561332
0.5233257033190725
0.5248464641386371
0.5262330652433838
0.523004040663202
0.5212830262862441
0.5226452063686459
0.5234333682681304
0.5241628533078255
0.5262077375489854
0.5263440406452539
0.5277113922016892
0.528060288747026
0.5279302711260498
0.5283968660329876
0.5297643929128314
0.5300026276046651
0.526656346681915
0.5281164106985529
0.5288694432294774
0.5278520012113791
0.5295791633877123
0.5279477747221097
0.5275335813505494
0.5283970137167073
0.5288338347198399
0.5294264758397556
0.5299828183672016
0.53055050377789
0.5314799538796285
0.532801698703382
0.5342918903940324
0.534904067302074
0.536513442947563
0.5362004574274609
0.5375282600621393
0.5376821049106919
0.5369995837758413
0.5376788904421407
0.5407123275569868
0.5407509412644784
0.537418534029909
0.5381573979160282
0.5378995571209741
0.5372195781378865
0.5393175257683568
0.5388357260289972
0.5397970122973653
0.539654504294282
0.5382834260865276
0.5367758524057656
0.5373207542316544
0.5377550877304655
0.5384132601382885
0.5382130346665442
0.5380397843475277
0.5387791802386482
0.5405382067529615
0.5402752843093858
0.5389452583151582
0.5418902400791014
0.5411739503207148
0.5426421062643706
0.5434952884990456
0.5431215506241022
0.5436950240296397
0.5439833309391566
0.5429055373628348
0.542237632497171
0.5445740449988126
0.5427642966287839
0.5440547930428922
0.5438510053228146
0.5436196031554257
0.5431370871915215
0.5450279629718284
0.5450024241527874
0.5455761504317117
0.5435171747713329
0.5431192021969643
0.5429544724333776
0.5423564300527016
0.5425352108493844
0.5423296217107993
0.5432656834801363
0.5432290859985879
0.5430479375203544
0.5421465889007159
0.5419765639267673
0.5413664441415805
0.5433041202850072
0.5413573099519802
0.5415278130905767
0.5438524386406083
0.5439662549930485
0.5436076557473984
0.5458097391900264
0.5453740238994657
0.5450239182412746
0.5472135840420035
0.5462163127833737
0.5459860508635341
0.5475300163307579
0.5479166187517602
0.5482821290619974
0.5485738234082289
0.5458920277463942
0.5445298671737071
0.5452487318131027
0.5444955585184559
0.545941220590225
0.5453982660504447
0.5455757133232937
0.5448852648412408
0.5475689379064409
0.5479803575661146
0.5487204703160702
0.5497766192625072
0.5499589740212738
0.5482902226439011
0.5499950388680417
0.5493553922465536
0.5492039886898841
0.552248037671214
0.5513484027073854
0.5503618143972566
0.5536858103166233
0.5536084537378619
0.5526607865298394
0.5522584341914305
0.5502527990307132
0.5483941164448766
0.5496032674119996
0.5470125829791332
0.5466255755684636
0.5460626757530826
0.5484790822889302
0.548204435500261
0.5506882262631897
0.5485376917836406
0.5486768422884971
0.5496878343138331
0.5489987713624206
0.5482306427913973
0.5503937829627961
0.5502895607894781
0.5506942788825446
0.5511346232027131
0.5493183531076586
0.5492891128068766
0.549543310772413
0.548516339492102
0.5475658754118663
0.5480440116869252
0.5472446407888741
0.5485115046212379
0.5492014166041534
0.5485105334102189
0.5488411116393676
0.5498926363626425
0.5469896418368855
0.5467470818387747
0.5466247981055754
0.5455668025781727
0.5454665981720985
0.5453642980007529
0.5457769332696705
0.545618249317745
0.5459589150614449
0.5433756793781798
0.5431486652214782
0.5428123582217982
0.5415023260375615
0.5413753655924131
0.5416131948507023
0.5398908250778728
0.5384808754230427
0.5397109101463589
0.5390057489786944
0.5379472972068057
0.537492665071766
0.5387345324826615
0.5383483780832384
0.5400877812673135
0.5382967348658884
0.5387409858136413
0.5393597529836427
0.5384801520687081
0.5377893816493726
0.5371281393213078
0.5361748063070141
0.5360199063197024
0.5370748479628747
0.5342847493960975
0.5337301304695977
0.5346774560382712
0.5333998204812129
0.5332285970065851
0.5370729854394252
0.5365482953403291
0.5363369198178076
0.5373325413298081
0.5361294573395712
0.5351398133160703
0.5346481124896171
0.5335442451498605
0.5331630089843769
0.5369651518617359
0.5358782768047482
0.534606549982147
0.5338739666920693
0.5333881780890594
0.5327987416271721
0.5329920763632322
0.5298173290927407
0.530132522847428
0.5309797940335678
0.5296938987279988
0.5291593987322821
0.5292486865775807
0.5277282647601421
0.5273544214552883
0.5284924209450697
0.5262042360075957
0.5261642876811817
0.5249752932010822
0.5229402581132949
0.524060125896994
0.5244341681799398
0.5244174012214914
0.523634310059741
0.5237968442536234
0.522281846167452
0.5228214374898352
0.5231768029826062
0.5222638194321987
0.5196631178255045
0.5198001323668332
0.5161756586455968
0.5144633326152559
0.5147289687349068
0.5134243984555541
0.512566613752967
0.515344885332448
0.5155933213404127
0.5135481390020908
0.5133278126960948
0.5159308639531909
0.5183860334062558
0.5196140442164279
0.5195282780477332
0.5182093063630853
0.5193458718594517
0.5183110205416476
0.5184652538860768
0.5167609911324704
0.5157866416368975
0.5149919348212572
0.5169664809084129
0.5161178524432766
0.5160925887768213
0.5164630629628367
0.5153412709533107
0.516253800927378
0.5178332831966369
0.5172980499276806
0.5155368125075733
0.5195750298721736
0.5187334663398828
0.5188709038098903
0.52309178046364
0.5230226862565659
0.5237429850157911
0.5240105951593805
0.5227603025117332
0.5234612064941485
0.526667444359152
0.5249024388307629
0.5248005683638955
0.5267166143353701
0.5258503453622461
0.5243406093723538
0.5242701276892258
0.5223659788533235
0.5248814817742179
0.5246105474056445
0.5247543844446569
0.5245565130305411
0.5260693824565842
0.5265525932805576
0.5249857150361127
0.52915029651992
0.5290220896250319
0.5313376213272903
0.5345420093472505
0.5357940559746411
0.5374958740389553
0.5400453663192628
0.5359975860864994
0.5364606520473268
0.5374864191009293
0.538060792733472
0.537353265604327
0.5378719274397887
0.5376986236974555
0.5381354733012248
0.5396765882509188
0.5377092719565593
0.5400927395530225
0.5424384806276943
0.5412149213622253
0.5405155007031768
0.5423810951743786
0.5429546237326857
0.545162677299679
0.5446998775435737
0.5428810353816851
0.5433215588570635
0.5442883507753418
0.545397891908918
0.54666978305022
0.5475158632940057
0.5470754925937171
0.5474314216260641
0.5489671427090387
0.5496642820230344
0.5485850815000544
0.5484652022281654
0.5480814214574822
0.5477527086655991
0.5495776258384667
0.5499446743823202
0.5498175629777208
0.5512601819849194
0.5511336626550389
0.5522394899138857
0.5534318267385034
0.5536134426022089
0.5544748566922331
0.556052257183778
0.5554958915356983
0.5559184411439781
0.5570426467851214
0.5554797661749498
0.5538672043392573
0.5563882549482791
0.5563234376006302
0.5530336651981391
0.5519366836518848
0.5513806599556463
0.550660437034737
0.5529287846232915
0.5520465533379197
0.5524627009604559
0.5526099634929035
0.5531834937949498
0.5534822581227224
0.5542374070473884
0.5513248750295608
0.5512827912681014
0.5524361884821464
0.5528888339003789
0.5524622863995876
0.5527124714074785
0.5513751199048713
0.5511204683094195
0.5535794545767714
0.5498903498730359
0.5511606271912386
0.5524746860032062
0.547472406274907
0.546964683192637
0.547243590047057
0.5474552587780864
0.5476113121124908
0.5481432789671659
0.5450105463550543
0.5451067362625165
0.5465982690928568
0.5454940892291943
0.5462606250704439
0.5457816766908503
0.5464373882250914
0.5463999858612808
0.5451552051246772
0.5446026361174782
0.54402520120593
0.5451755928925264
0.5446096159135901
0.54376475955191
0.5455395507468936
0.5412135994422177
0.5420515225631195
0.5405711972534344
0.5381122817623263
0.5365541884635193
0.5359129609457688
0.5346608318442331
0.536866073853152
0.5370286046930144
0.5366592047930118
0.5363642852791023
0.5366437319341862
0.5368924610058226
0.5362996579260213
0.5368687642141521
0.5354594898676343
0.5341332374650949
0.5331759725181767
0.5319083861492775
0.5342363141440235
0.5357084786436883
0.5341990810863674
0.533167366820543
0.5319733525760992
0.5312246531238923
0.5301643753928866
0.5311393665008669
0.5292261974556695
0.5277858438149763
0.5278059493155176
0.5273087092424238
0.5257425343666825
0.5273060233790905
0.5266271070265701
0.5263568730624602
0.526138288456167
0.5241162512682417
0.5234943202390767
0.5237875322027647
0.5237816424710683
0.5260529225957233
0.5283752580335489
0.5283182808328324
0.5293173133997604
0.5290265133075266
0.5297873577032399
0.5288223784400349
0.5289976961041701
0.528602164583345
0.5290759095111427
0.5312944269408872
0.5331586178328043
0.5319614264427748
0.5358876914710846
0.5346755039556375
0.535067221580766
0.535844845054444
0.5375724240919629
0.5396744902719928
0.5404820282635279
0.5403890885512765
0.540753610442388
0.541364060196296
0.5407742364855215
0.5402416129476862
0.541278586395937
0.5410683982582764
0.5419762070577796
0.5436652534343098
0.5433297291890785
0.5443437042421239
0.5464248073303427
0.5458748601374304
0.5452839230009103
0.5447862304119299
0.542222557155587
0.5423811570812874
0.5411385346708415
0.5417989140022567
0.5421045897220034
0.5439623384195198
0.5433735020957782
0.543640919253436
0.5442740910195153
0.5431244161148635
0.542951142231568
0.5435433030449371
0.5421143882045913
0.5418215469487295
0.5424714504286066
0.5425128711085868
0.5418287707634408
0.5433185293286055
0.5435121161333594
0.5439097849207922
0.5444223677616852
0.5436192935503743
0.5457461894983936
0.5462370135525062
0.5458515190510997
0.5458611900610123
0.5465990327216894
0.5473529649848361
0.5475104089863612
0.5481980908283092
0.546989325902477
0.5473599567432016
0.5458953725657023
0.5445430084393051
0.5442716772644208
0.5448167897928727
0.5454600180967255
0.5451325523348014
0.545650477532333
0.5461648470000073
0.5473317969988998
0.5477834641724157
0.5469162162891255
0.5468604628245957
0.5453260045536144
0.5459405174093197
0.546930944983786
0.5486354260820699
0.5486759440131701
0.5481211424466628
0.549539375158158
0.5494563726670447
0.550452963287797
0.5534246992280525
0.5531540721465295
0.5538336448341603
0.5551535385546821
0.5532125438701729
0.5522005090660156
0.5526783961647314
0.5526963650172422
0.5537583388808555
0.5547825011990138
0.5539118504132099
0.5525781528342598
0.5507258720127866
0.548912452975508
0.5484996053375045
0.55126933951559
0.5511453016043378
0.5511750735711172
0.5527614568080174
0.5519879799597044
0.5517653063205642
0.5517389824631411
0.5494937397946916
0.548335422030193
0.5497281413181581
0.5501099765785799
0.550712097604625
0.550715107606147
0.550062142391207
0.5469071632561824
0.5456243934717843
0.5448910391969415
0.5425807117361853
0.5431029288290535
0.5442624762501953
0.5445837904011258
0.5458199506429576
0.5443524776943317
0.5464472149426325
0.5464165164687532
0.5455107155843202
0.5463512649109571
0.5446178511739282
0.5420991911362983
0.5411081282054303
0.5451118257861342
0.545985314369298
0.5471063061178306
0.5472968451158481
0.5474956286242532
0.5459251295581689
0.5477732683497816
0.5471280526057251
0.546842895497423
0.546485232095134
0.5456849518465935
0.5473453661385167
0.5480545552409007
0.5467608106842844
0.5462761182233359
0.5467206298980203
0.5459493146523061
0.5455623014866002
0.5473060414295162
0.5458814114489899
0.5453104819243064
0.5463498338432774
0.5450372746619592
0.5453287702074846
0.5431493760208033
0.5431942591410011
0.5427846576238794
0.5443990252249246
0.5464256109733665
0.5457556577100996
0.5455898406267873
0.5447700291955406
0.5445943163529011
0.5441493411200249
0.5432398001678149
0.5425915741292047
0.5433588745099327
0.5421073170862845
0.5410521123004614
0.540747262570877
0.5403097581822425
0.5388805637247799
0.5399277175435784
0.538387396370977
0.5376950434529172
0.5386238984532352
0.5385395221599116
0.536359803776417
0.5355875697987574
0.5338754533978125
0.5346956941252258
0.5354013067542356
0.5339360864333591
0.532397628242536
0.5321727308618496
0.5288793091391293
0.5279729399664674
0.5280374159432479
0.5292589153853684
0.5282859430879838
0.5287146441324257
0.528399160728167
0.5271479146611374
0.5269036592361576
0.5255756593260013
0.5264662202211042
0.5276749449505121
0.52635581518956
0.525810202135867
0.5267273710508982
0.523375953225674
0.5225257292067272
0.5212771965689091
0.5212196054695738
0.5224193145069406
0.5248564801506876
0.5236498661721272
0.5232456900614059
0.5233387102809895
0.5223447349629339
0.5178693466704262
0.5168792518321179
0.516907846402245
0.5165483870697808
0.5186776537114958
0.5170917131665557
0.5183949242081066
0.5190462918667531
0.5180623842407468
0.5168424547302677
0.5172718931442334
0.5176811267418043
0.5189147908769577
0.5188604066090378
0.5196057193473667
0.5188612803690881
0.5184833006138626
0.5184878406216932
0.5177412477556215
0.5209335830824119
0.5178660967345484
0.5174968364415321
0.5171051593905596
0.5164669800877075
0.5159226824586003
0.5166557601635205
0.5153713683486569
0.5149293762025746
0.5158175404518235
0.5150968429709104
0.5154515608910273
0.5144455332567354
0.5138948470625531
0.5149002502310449
0.5164575439247234
0.5167391155259444
0.5163903972849387
0.5175609415441599
0.5156843578822613
0.5169112293311113
0.5175870179687747
0.5169408675156114
0.5174078735332471
0.5174694038174508
0.517026982280247
0.5165385648076132
0.5170364130861747
0.5158585444308901
0.5112883952871357
0.5123165772897319
0.5126485621695132
0.5121315245186039
0.5128819115027888
0.5139534018081791
0.5165268811411833
0.5198293483440276
0.5192305102556166
0.5197116261434048
0.5199375154419638
0.5187964684153991
0.5187303772282018
0.5202196332937219
0.518864251963969
0.5194603705183105
0.5207261205169391
0.5210651938945297
0.5205240540048517
0.5213061663251591
0.5218684920033244
0.5218263215800552
0.5222357003242307
0.5212562922277715
0.5231650677092275
0.5248135926755102
0.5274554857276482
0.5282508195442038
0.5283963878137546
0.5269473972443453
0.525240973564105
0.5277855393303444
0.5284945288836401
0.5279531383764197
0.5305022183869879
0.5300674241563949
0.5308468419172232
0.5318325681895546
0.532842637218808
0.5344664020129763
0.5366716596632595
0.5374800998190836
0.5381434860550924
0.5382522398045577
0.5402391830023002
0.5394517866395672
0.5396433082208418
0.5366913488771476
0.5371780021898651
0.5383234311822277
0.5370291586583601
0.5369714103415661
0.5384958371466507
0.5385550564822542
0.5371660712768809
0.5378907108971983
0.5366117401052077
0.5365308131947011
0.5365274273819116
0.5375384343066609
0.5377464378062186
0.5393503451840559
0.5403882639030276
0.538710453198835
0.5393252029250309
0.5386934582026297
0.5379522595534045
0.5400588479380007
0.5408495687683564
0.5422301271602276
0.5444186798685506
0.5431949320620538
0.54280294163372
0.543656968269467
0.5433255960076854
0.5436837181003118
0.5439873971683555
0.5436270660763921
0.5431296394866121
0.5435325935302686
0.5430113238045322
0.54307428434143
0.5456907549576094
0.5463998191545316
0.5468794946399377
0.5481105010193068
0.5469985103576025
0.5466022300204898
0.5475191090233592
0.5476637228874704
0.5474764031917058
0.5482209964480631
0.5487276996484777
0.5479301263872081
0.5478766133155336
0.5475211998052533
0.5478190321648472
0.548569970915376
0.5491551017955578
0.5484462045923267
0.5495423252736121
0.5487025895238203
0.5474169597883889
0.5480747697641659
0.5472604351866339
0.5448964892091547
0.544759979887035
0.5422283787900762
0.5419129007901362
0.5438378871533109
0.5433763286984443
0.5431504362468372
0.5435833174145085
0.5418880203244892
0.5414267580169422
0.5425332590128643
0.541677693657803
0.5416469354025503
0.5424596208191594
0.5418428182128738
0.542125190250351
0.5434267331833426
0.5426929817551595
0.545579652201698
0.5446165992315037
0.5435183363612199
0.5401088943080198
0.5416719839344879
0.5413538155011622
0.5416750225744841
0.542032625269485
0.5400055615709004
0.5413152436336591
0.5422639901592191
0.5415726557450671
0.5420777663695254
0.543001750337464
0.5417760056906101
0.5402325995370159
0.5400045719951864
0.5379726571832663
0.5340765538643578
0.5335053774574047
0.5346269202463624
0.5317970072112367
0.5321711141563328
0.5308843577749958
0.5320939866833517
0.5331196792645383
0.5316885943457238
0.5312240580288659
0.531453125100924
0.5295942527086153
0.5289263547500778
0.530189206431182
0.530535120532777
0.5297940092749315
0.531353687760462
0.5314665938731703
0.5311531625632515
0.5314939788690114
0.5303964557565393
0.5282793834543352
0.5282388880417508
0.5274468422975902
0.5259924097102238
0.5275485105892169
0.5255062217226739
0.5235093026448709
0.522871141040778
0.5219263661493817
0.5212644052172352
0.521628520540553
0.5215722034034971
0.5226686253511029
0.5250237765956691
0.5265656500885031
0.5267123968816172
0.5273470531478543
0.5269052836149632
0.5267016323088006
0.5263794198188267
0.5246946350471652
0.5243368861687556
0.5250814109904985
0.5243373553531512
0.5241871161242441
0.5247980684405867
0.5237195320865251
0.5219493375661753
0.5228085990740167
0.5211126181482161
0.5206675865357453
0.5214078598795853
0.5210280832375641
0.5206847425501677
0.5210027644321076
0.5213460041910273
0.5198184661628381
0.5211940799607961
0.5200291074655579
0.5187309085515266
0.5189274871618592
0.5199187031897968
0.5201852325336538
0.5214028693632039
0.5196335355520058
0.5192169996899068
0.5200672846201062
0.518930934581127
0.5191172095815308
0.5205246422542185
0.5195332997676668
0.5205010466062808
0.5213717199077507
0.5207437245659764
0.5222879721864089
0.5217397012095273
0.5223954931677206
0.5230323125507713
0.5223882047040055
0.5212741162362134
0.5214304400159915
0.5193939259977275
0.5189576697178359
0.5184814684414485
0.5193234072180478
0.5170950413097967
0.5168881240983384
0.5206182505908863
0.5204517160317125
0.520228631662619
0.5206293743008051
0.5205030310212727
0.5197009715422213
0.5202478793317188
0.5188552131740694
0.519696418220794
0.5206838132505008
0.5200247103808128
0.520545163566646
0.5221771317280048
0.521243918859804
0.5199628456611854
0.5220228498418947
0.5225581037540085
0.5255274121803732
0.5250669209417637
0.5229151280692695
0.5229116422636394
0.5256736270713865
0.5248512350733405
0.5249780495683909
0.5290330213112779
0.5295880124917581
0.5301131677245796
0.5297866871363428
0.5282640355200975
0.526059124316571
0.5264928833266963
0.5297039679412747
0.5287026692681513
0.5320428487754739
0.532865045430008
0.5314678382287505
0.5321804970810016
0.5305099358094065
0.5302605583373635
0.5308488383411024
0.5299883916913939
0.5294680846015125
0.5296321883539595
0.529172607860251
0.529298497692049
0.5281294630226728
0.5272746951542531
0.5271321584588055
0.5280875192779875
0.5272030597375691
0.5275041411096371
0.5287857699912369
0.5304662628208312
0.5299351432055551
0.530323132576996
0.5310909682631201
0.5307797763502601
0.5315982519922755
0.5305168683943059
0.5309568658642835
0.5337088604224823
0.5329087027281154
0.5327456703781658
0.5318623612898223
0.5320167447539821
0.5327614607712168
0.5337244595234032
0.5329088956178765
0.5321630672108507
0.5333208359239061
0.5326394923250726
0.5354502460594367
0.537821503543433
0.5376428276472884
0.5361238948128727
0.5363401574446838
0.5365358892827377
0.5375246471394264
0.5407614509227616
0.5400284829531664
0.53882524262304
0.5392717163635924
0.5389286188993659
0.5393352342626219
0.5396290042162724
0.5397893627840615
0.5392493799009279
0.5386903009569178
0.5372591588823704
0.5372932961961812
0.5391690961818008
0.5389156039118913
0.5387501749002107
0.5378010914357477
0.536918132992938
0.5369600189870778
0.5384987070386623
0.5377057787881634
0.5396423505573712
0.5404189589458663
0.5383732524752234
0.5382431062696894
0.5410447894446379
0.5378847534813855
0.5373118204407603
0.5392712030419634
0.5380779115947423
0.5379786071099326
0.5382114724619488
0.5384921086487116
0.5391490844152691
0.5385739877697211
0.5372307367024728
0.5378503246036117
0.5390877547658572
0.539088657964098
0.5378419206676457
0.5355092419872056
0.536733997474432
0.5379885010892296
0.5406373133948851
0.5386624532428466
0.5387160824971944
0.5407993106061626
0.5382842458793372
0.5373954454044325
0.5365913516812983
0.538300277489459
0.5391691619105518
0.5402706264070519
0.5421851350938292
0.5377971848168149
0.537526664605511
0.5343639348204541
0.5351689641219637
0.5366410406625818
0.5355710477549163
0.5355307411547585
0.5402575309317228
0.5412839833137187
0.5417080739968452
0.5428029156752477
0.5417686062799172
0.5418745230094502
0.5417619235611484
0.5416548765035825
0.5397750699654559
0.5386607403497492
0.5366226764646708
0.5376158808981586
0.5369920469357364
0.5361288133794626
0.5349706178681483
0.5348347090168543
0.5339488072904932
0.5312209496820065
0.5307229665907609
0.5292170650393118
0.5294197858356673
0.5295686933430779
0.5280605384949033
0.5295076994335381
0.5324641422904376
0.5334077060961928
0.5320611504534072
0.5325158452438628
0.5309798675315736
0.5333580163426993
0.5340779264676379
0.5343192746800253
0.5354173129892718
0.53352972373669
0.5322583263695633
0.5333090178424255
0.5341839316122249
0.5336770528635527
0.5322015774938668
0.5310709617154488
0.5275478237059685
0.5282301126909495
0.5289051113987844
0.5285981106836277
0.5275894744381596
0.5289090032338556
0.5289260090411527
0.5283986997107717
0.5292639772751304
0.5307293947316638
0.530163729498947
0.5289248412417928
0.5277016383666375
0.5278224945607266
0.5294789128874834
0.5286799767274322
0.528423584520345
0.5292041729440641
0.5294563670116981
0.5294484920245839
0.5273183138491149
0.5267424192614699
0.5256588647302199
0.5260220270212942
0.5252493659447556
0.5259597060315637
0.5258010089356593
0.5272750776453116
0.5277589700103963
0.5280964303716431
0.5289598390383472
0.530183694322751
0.5296770052071955
0.5293730442775129
0.5299893604181373
0.5301388619522104
0.5288663472122723
0.5285568078959348
0.5310674749911805
0.5314879425251436
0.531286989516613
0.5316344551720769
0.5303441542625563
0.5305558775909296
0.5314373872158757
0.5296046544914396
0.527999803917346
0.5284130203106402
0.5278683884178753
0.5265890572141599
0.5271874405444467
0.5274300507453182
0.5245962397139691
0.5256317042298382
0.52580021827502
0.5260165995311161
0.5254859001250132
0.52421236486262
0.5237345037480344
0.5242596599367374
0.5191058363396686
0.5180064445285681
0.5181932188061619
0.5177059781744595
0.5175069186514492
0.5192801078062387
0.5183920477068783
0.5182506153540111
0.5194189444969771
0.518704655543197
0.5196690771608186
0.5195808030670702
0.5189578722760714
0.5181465991203386
0.5195710557028583
0.5202371785433468
0.519405274447935
0.5208839726101914
0.5205660107296045
0.5210144026570235
0.5227358679602142
0.5236481227641816
0.5226896023231709
0.5258058636338585
0.5228404880653263
0.5216801697350207
0.5229547952733593
0.522312818130761
0.5228350292044837
0.5220559967389069
0.5214645355616336
0.5235669690802387
0.5241841028347214
0.522512101100564
0.5214971442463762
0.5208928406813166
0.5202530052123202
0.5200884291920996
0.5224083982900005
0.5219282998448194
0.5224883797204393
0.5224820677082177
0.5226257170428679
0.5221140990914687
0.523250260476349
0.5217459674352848
0.5200882499229695
0.5208603090220111
0.5196695837186344
0.516974967722687
0.5181475204234399
0.5177797795766912
0.5170657168246856
0.5179098881188546
0.5167731083650634
0.5204591773209499
0.5219115265293689
0.5209551728468392
0.5223790468789756
0.523713798414357
0.524116671473601
0.524768376677723
0.5239583967385153
0.5230487959317448
0.5215573375874011
0.5213292339341706
0.5220334059629832
0.5189790061409412
0.5206717823397838
0.5202008478372309
0.5175321506653177
0.5156294673748433
0.5158463459611273
0.5163225889113959
0.5167683423140043
0.5178041854716912
0.5174881402583629
0.5163374202111587
0.5148100356564643
0.5150155734136547
0.514552113705738
0.5145141044279015
0.5135628880969533
0.5143584249521106
0.5136478141488481
0.5141949351984166
0.5170813014558845
0.5165837125310034
0.5168908215208462
0.5176446076202975
0.5164175271142282
0.5174298868252565
0.5180035739149005
0.5172906472750729
0.5177068144782748
0.5181066017958358
0.5167277929979658
0.5167317856156984
0.5176822773329843
0.5179265760878493
0.5209724214196941
0.5215253878689603
0.5231528378620379
0.5241288495357621
0.524205806074451
0.5237769637329719
0.5265067088953882
0.5268932173047264
0.5279897273617132
0.5276785504558933
0.5280960525088347
0.527442032741288
0.5283186014839586
0.5291545811260119
0.5272014645980835
0.526322062012082
0.5306622056259184
0.5317358231817007
0.5313710806360834
0.5326936945230489
0.5307066749361805
0.5296746380935545
0.5348877647752963
0.5302861292186173
0.5315345945657698
0.5326636869447671
0.5315792600608883
0.5333283001794032
0.5361396274552386
0.5344952445370286
0.5348751866451011
0.5326708810740922
0.5305637453699842
0.5337874183153822
0.5342047151135975
0.5345343467525304
0.5338280706728687
0.5351658148349153
0.5333001896036828
0.5333741564714305
0.5343494541581582
0.53482761613764
0.533848259968482
0.5367698662938599
0.5363422544396438
0.5369816285040051
0.5398132658360987
0.5380888063527584
0.538142682884122
0.5393472655297583
0.5384493920328406
0.5380146756702306
0.5385385841112891
0.5378810435223129
0.5392033802406782
0.536924285259118
0.5373832807839769
0.5384029020579146
0.5364629474253366
0.5353724846826621
0.5353259817518906
0.5359880463505379
0.5358410584566089
0.5358476552834875
0.5367029860997459
0.5388918337361343
0.5384310018342527
0.5410154952041393
0.5390365931870746
0.5396482142247568
0.5403119931804036
0.5409851406706411
0.5399105346116124
0.5403904579529781
0.5392680473820716
0.5375143632113862
0.5397538031374585
0.5392705413140413
0.5402485034265107
0.5395191168033463
0.5397919669158778
0.5404337734860113
0.5408635643870335
0.5405066181724086
0.5407262429244808
0.5406521477892956
0.5385995602346325
0.5397962844814078
0.5391235646236027
0.538604380363504
0.5390668366960591
0.536925661979379
0.5371757604798583
0.5372171932412337
0.5376880178478367
0.5371655156912885
0.5371871462601859
0.5381301983907696
0.5385696222992019
0.536503576904622
0.5342530445803007
0.5327274518335109
0.5300736936189643
0.5313975996559311
0.530738506406542
0.5287703236186572
0.525773319360323
0.5277578033798185
0.5252818852934965
0.5281700564389311
0.526696287542259
0.5276485774074602
0.5267748718644992
0.5279798183938473
0.5314545873773703
0.5329792545746742
0.528662947763975
0.5296976008141396
0.5309281548376331
0.5348686948186956
0.5360981245009304
0.5360405383955787
0.5313195266400139
0.5326640655858546
0.5324757099240415
