0.7033495594556036
0.6593010580076085
0.6694775614821163
0.5979195389582403
0.5498786238332454
0.6477528280886162
0.5938514171056732
0.5457689317903573
0.8380479987007659
0.6090793018231523
0.5862023455010904
0.6248564025887893
0.5374887587072591
0.5744777862388877
0.683993206782767
0.59328829227403
0.539916372813523
0.7693423155174599
0.5445967570260906
0.5972355092024616
0.6311095353273293
0.5910277298397185
0.5678318500254661
0.6431089817687988
0.5716697734096792
0.5719747226236753
0.6365518958485905
0.5573034132282202
0.6316491805466058
0.6330234142918372
0.5778254886271633
0.5640040807779543
0.660288389805189
0.5725373712771024
0.5469365440922921
0.6262989082687364
0.5690162100845366
0.5385626335898576
0.6488188222482486
0.5459011590775756
0.5694154105259546
0.6594925500560733
0.508514675761411
0.5760159507328441
0.6600012987826113
0.6187646917652637
0.5708605294080671
0.7148222737428138
0.521859649336519
0.5491903370161489
0.6333125390504395
0.515302623414174
0.5338731097623924
0.7048816577724524
0.5460373743585382
0.6706766131214915
0.8130188308208162
0.5480320220148684
0.4606168672663521
0.7165103274550807
0.5204042129999659
0.5164038404101603
0.668473847114442
0.6309940867760694
0.49732287214894644
0.5973408628481509
0.5597034543300974
0.457365609419806
0.601365080801761
0.48029612616670064
0.5078223204805129
0.6335523036365864
0.4774163279459793
0.5990203580835946
0.6147106345942612
0.5624333525672361
0.5533657226082608
0.6043506672284708
0.5026766226330214
0.49805175386426004
0.592115562678195
0.46757723777135923
0.5368656477787339
0.5273196611087191
0.5858505034402681
0.5827241454632466
0.57573407670096
0.5005513925186539
0.5292848856787143
0.6258207698195988
0.4167596697305826
0.5069175987799045
0.5342940855836262
0.4515368227416025
0.5777352948703738
0.561859617077853
0.45749858290301926
0.6015201276891534
0.5471859995659146
0.5598063323986212
0.5686339255276629
0.5224106043282988
0.4633517052329725
0.639575094068205
0.5445346256199148
0.600971110853556
0.6242208472804156
0.4553553325542879
0.45422242855666484
0.4630387107290149
0.5877681532232722
0.5853750658212314
0.5872357905327966
0.5269581017602509
0.49979662511263506
0.45541657183160383
0.5870089691501902
0.44670351443044004
0.7428633154443096
0.6943287912394253
0.6139746556875874
0.4434452835862909
0.6530022099949918
0.5292511701707228
0.45441769012468985
0.6775595710067241
0.5109324857322358
0.4808853923854621
0.4944834313910424
0.4497890394231943
0.5382327034199352
0.5985245076343508
0.5296786125457819
0.6397784757320769
0.5588717901410761
0.5791236005476569
0.43966408357901016
0.7648274302078969
0.6456281472446449
0.4450490021808842
0.6277639530166171
0.6039404464379916
0.5564656674998153
0.5714560383820003
0.521768487763041
0.6457534491681398
0.5309463503697374
0.5295839368460314
0.4977266577014614
0.4561001503957078
0.5598078887722958
0.5495265748834466
0.5787004473060801
0.6864115309262657
0.5199328875971646
0.6301896831949697
0.4776431965477605
0.5860919603986565
0.602413173123598
0.42755787962052727
0.5325577074538395
0.5765332116521127
0.5282583168636271
0.4375139979507755
0.5378557474327341
0.4542782648763534
0.5310320203859596
0.5924392426184882
0.49334373536900133
0.4683740718652503
0.6571960093444862
0.6071536163478449
0.4651047750086951
0.5262010740261743
0.5570927832898322
0.6236329107710583
0.664222048966103
0.5939616328439582
0.4489694369627319
0.6847332202564941
0.4433913908816398
0.7092867685562197
0.6240269814263292
0.4846208741029619
0.5553216975981018
0.5631193114603816
0.5669252717552623
0.5488571746564426
0.5987268515254712
0.5986570018181517
0.6615006932294645
0.5330150133364603
0.5430079917052894
0.5475155650259305
0.6438259723809121
0.4847706855388956
0.5754527860088109
0.5932384983239637
0.5657158892982947
0.5153915289091229
0.6055918646489977
0.5526832888486614
0.49382506178137514
0.6117931343313354
0.47603350724051724
0.5153454331894224
0.5803672677081315
0.431446937773172
0.48668489368442686
0.5289432553674047
0.465276376926723
0.5774541269678424
0.5971510787888406
0.5879446590027734
0.5283736395110725
0.5202803777423476
0.4644034228000485
0.45540400964863903
0.5822488452794262
0.5245231411299477
0.44649849546241527
0.707985913349987
0.44188613135938803
0.584754266475685
0.517449286469987
0.707193827999772
0.4394521851114128
0.733318809116701
0.6538126472617288
0.49376053319257507
0.6762819399741276
0.4932924599256789
0.619211943939584
0.5261893311200494
0.47046003262418135
0.47156306351494953
0.6275188113292497
0.5724366037711385
0.4743992085487301
0.568510474743524
0.5981577918654607
0.5112147025426098
0.5649880154575657
0.45545891042168846
0.4933530073249568
0.5645364243158276
0.5367940147832213
0.5146643217823362
0.5347292787274049
0.46590860900518466
0.49103935470215815
0.5175228160157941
0.4569376167106589
0.5002969112438082
0.7072007958686476
0.6461339689648574
0.46164814554151734
0.5856955072329921
0.4541836677858181
0.4233610368147933
0.5708716755718022
0.5448189695212722
0.46909137952229873
0.4878554479675301
0.7067811028295274
0.47014268737596154
0.512849127949392
0.42701303876329316
0.5103471846993047
0.6855847866410435
0.5101357575864331
0.42786722578647235
0.6023824041502992
0.6231588873744076
0.40590235602876945
0.49935457306767916
0.4119940546228413
0.43858498001287816
0.49397513884947547
0.6054607322588372
0.516540850604762
0.6194444381890453
0.4103439105594513
0.5158296859835076
0.44481963273325775
0.6545051830243077
0.556403371653122
0.5153046941554645
0.5209267282564694
0.482300143050633
0.48624676798549016
0.5636933657722583
0.5213578434769339
0.6003741289033525
0.6007042846247623
0.4328973314271451
0.7031442801721705
0.4401955855985456
0.6613756906670823
0.5183208091136415
0.4477663119618334
0.5175259090153645
0.5706639445707088
0.5339969788007456
0.46563690544807856
0.6971930343123531
0.6611885889701673
0.5296696278694427
0.5655700406018469
0.4705807048188414
0.6166115676078479
0.5208521994820831
0.5393159622939555
0.5849803888400468
0.6373082452387852
0.6197025983619432
0.4438964606082385
0.6201670328284937
0.5511771021439842
0.5550526898510115
0.4730685990156625
0.7285661842801852
0.5728260856224509
0.6056540197058605
0.6248698107971663
0.48318741888897726
0.6573979319153223
0.5170748568012348
0.6996753651255345
0.5323287880505482
0.46413053141409816
0.4881593897724178
0.5772125539984019
0.525664540305985
0.5039808250648261
0.5177351177027757
0.4352379700610639
0.5211063541822073
0.66570496857083
0.4799030796812696
0.6055295231592767
0.5686055612175348
0.4863259577447781
0.5628479170715163
0.6483979933228513
0.630626242589575
0.5083560560627427
0.5595905837976031
0.46374497566783063
0.5013700298194326
0.7103924938108659
0.48114796511333047
0.5523469347687184
0.5437303282114173
0.4602725909741893
0.5815191921708462
0.38699221463071604
0.4368833947023292
0.5749145542672777
0.5531447905068031
0.43013445714550524
0.43125864490801474
0.5919260254820604
0.4635534132746296
0.5654305331539068
0.6153751368093852
0.3949222277392998
0.7507833256056502
0.5564020141282999
0.43023815083614153
0.5529616931166385
0.5560577016971097
0.5144229868964451
0.4894450281407995
0.5354903969550526
0.43337304498535867
0.586028511248313
0.542946098159606
0.578883150550453
0.5387284046405972
0.6087188083557167
0.6077896133211408
0.6370794390428837
0.5106970967096677
0.5275134272289284
0.5973542759872997
0.5849398217201494
0.5033444591795176
0.4891901027891237
0.5254099182553238
0.556331183232052
0.5110992320118785
0.55232272936452
0.489506959354229
0.5874895978128001
0.5699129470003967
0.5358097149678565
0.5058672630335322
0.5403241347230667
0.4685530512123818
0.47816867361776305
0.5133824206869878
0.47304962323467903
0.4169831817359393
0.5468472843828455
0.45675490721163475
0.5853349140824017
0.7063978588664649
0.4688875346918048
0.6153392312773454
0.5325448180559386
0.44219306751241966
0.5594389438555586
0.5757882714659488
0.6561261078431418
0.41376394494833607
0.5489110013436658
0.4289802169747814
0.46388641059192415
0.5210159865738514
0.5284223068197086
0.585856916235272
0.738765541874204
0.5336117110768871
0.4156185787330162
0.5535313364931055
0.4798969650269216
0.5452811662656271
0.5423565864817128
0.42039059675596646
0.7389986193500315
0.5513448720924974
0.6114581200293261
0.6429684379322488
0.5146092794294354
0.47082493301448614
0.581105592761329
0.5272099664194394
0.49808787033535395
0.48306654039961605
0.5282372979987648
0.5981776840051438
0.5639887335131554
0.546621845042185
0.5054042829369534
0.5020494532398599
0.8785456825364122
0.6179444987465036
0.4388514970945963
0.609444209267696
0.46444128646566146
0.4829922770999867
0.6970737269192407
0.6868696072384627
0.5901591553882719
0.6399765908799837
0.43597651191328995
0.4247503250433571
0.7838691823986763
0.522129823291842
0.5116013453272936
0.5077182977257293
0.5815690537804655
0.5944812998188812
0.5081970309364511
0.5078702239190689
0.4932795644381372
0.5132007585094074
0.48992067116536653
0.4488062848387602
0.6261011504549714
0.4260991714685654
0.638549617200099
0.5833773423118395
0.6799028853739854
0.47222446519038375
0.6872438313830995
0.4737970227744293
0.511549939973956
0.5202615336503617
0.5943520664655023
0.5052431609557143
0.559190790309235
0.44436429522231147
0.4953669771195588
0.5720560623146018
0.48402383069745564
0.5002403523377166
0.5367867015048822
0.4314252474244062
0.4894133168132083
0.5425263684615852
0.4109378385654456
0.4625673140465466
0.6946718670393115
0.5633450411890913
0.42127902188373106
0.5167615482335356
0.5453474196959683
0.4532098102954402
0.5414469048542712
0.41561395620811276
0.4707702961183149
0.5895254782231623
0.4180809875465159
0.3818048347764657
0.5250292821985664
0.43793612585289793
0.7533075309307883
0.6331092097752938
0.7507867504912679
0.3961252493904721
0.5401912836504785
0.6182923754193828
0.7516733704414812
0.5706221913340168
0.4507590263026287
0.4511919809341611
0.6720769641396728
0.8397360322198633
0.45269399348239475
0.7516242718877396
0.5044915903514899
0.4178924777612238
0.46772245985004474
0.6991408760897901
0.5055269384241009
0.7009747649372062
0.5590392725433425
0.42926324458465936
0.5374103482859975
0.5318372118543181
0.5514750408813195
0.5642164097036211
0.47158345337742974
0.43233879591831226
0.7403800259637857
0.4966758048518742
0.4239814442080273
0.5505068067357796
0.5691326207044425
0.5254220674702633
0.5243606328730772
0.6089887175875726
0.5474334304553782
0.5133820995048862
0.5575750925085442
0.5015768362033866
0.5442565564890023
0.5371158781821156
0.46928448549146384
0.5144927353297775
0.6147166924825441
0.6174098320136469
0.6022675825257924
0.5058383121055764
0.5423693579043032
0.515599313021156
0.4746744522987626
0.45390243761656324
0.574821180759695
0.5913787257209258
0.6975833770500734
0.5551280641868435
0.47802306885356255
0.601143134313479
0.5721620213601328
0.5018684730973614
0.4345515441221226
0.5450963409280428
0.4599337651697883
0.37520593117376283
0.5823192041346471
0.6216917904941176
0.5390615213527947
0.4398743023190243
0.6332318093590956
0.4228908905252672
0.5274533822268196
0.4922102011311982
0.48283564070568363
0.6059184789907358
0.43273248510434154
0.44230614323444706
0.6244647518056471
0.4517693209911209
0.5540830681255688
0.5559433226310831
0.4854965049601793
0.4093819965010729
0.51307124709949
0.4891913739990287
0.4551300252339908
0.4953493452475284
0.7922483321782599
0.6340281138427218
0.5297098829627022
0.5637551309628925
0.547390300867479
0.4828253175489501
0.5371204958341492
0.461185232375278
0.6393430244222096
0.4571382059540737
0.5539249641714877
0.508400080144523
0.43993208479771334
0.48231997408078614
0.5766205356466714
0.5376195626299527
0.6204088104424745
0.5509737725401034
0.5167346501290754
0.39455919032252634
0.5685335025379457
0.6897019715595388
0.5509933619131853
0.5980954527577881
0.47064630933085233
0.4525660783495597
0.5529183071781522
0.5880952309005126
0.7798484676319601
0.5800496020469574
0.5375695103847018
0.6503130060240425
0.5202517839497655
0.43318715292105325
0.4441674830205437
0.5168154426092647
0.6365396947550117
0.5265434266559632
0.5538257159800714
0.47283413106058203
0.45539369002002106
0.549063422229443
0.4835831933831022
0.4580469844573917
0.550627313044872
0.47668860733445617
0.5191902868037374
0.46315961364647035
0.4663848716601896
0.48699114189524284
0.5360112461654055
0.5513298170455896
0.4999961801988237
0.5100392369127048
0.4788078506263843
0.41786480617681965
0.4992485379085991
0.5796555779502467
0.4449701213309543
0.5136919266114115
0.45663414682127107
0.4253516477198419
0.5721873229460606
0.5815699671552133
0.5316637604031305
0.5477719793666735
0.4929144912060739
0.7952748266911691
0.6957935796568936
0.4398485203910403
0.5892631731833832
0.5717977963130971
0.46928984762392173
0.44142212437766126
0.5684887006802635
0.4258258483864796
0.6198121621244844
0.6166091360828739
0.5997863250861875
0.43432868684138914
0.5885547778903746
0.4476897479372309
0.5623961420356745
0.5628697294999209
0.6171965663883444
0.523489420109734
0.400330609761978
0.5369992199041801
0.5490006415229262
0.5230579182215265
0.5648371501245383
0.6233756658183046
0.6470839709217581
0.5323242061116347
0.4969520568916058
0.5557041143591087
0.4854250070807511
0.4476160873188878
0.6174603864074732
0.44989424158499536
0.46803639406017017
0.5492207055009841
0.436471383939115
0.4915959896469042
0.6103255105808374
0.4267903979420887
0.48947503159632444
0.50547725897498
0.5098294018158631
0.4620960667163032
0.5943035451545742
0.45020851934654404
0.4874621038771219
0.5697870604425771
0.5592078384464518
0.48766598455654075
0.5868285845706176
0.4240716047828949
0.421962887158246
0.7091057641267707
0.48349517141615184
0.4181886291555401
0.6625933898921232
0.44262718187683936
0.4607511575882013
0.6549750814969503
0.5181259843715149
0.4743866915791437
0.711304152131858
0.43291139059363337
0.5785470461295349
0.5498646193531861
0.4322286896144209
0.4267365620443479
0.6195951709992948
0.48584574798264313
0.4342917696784127
0.5411046086312395
0.4724449630852366
0.4586983419274166
0.5347325711654971
0.6210949597268629
0.4580760134774774
0.5828947958450691
0.49280300364380447
0.44103150915245337
0.5410284614966862
0.45373830990923353
0.4840855345675959
0.5008816035577934
0.4111789588189296
0.6022705356388721
0.5686855904987792
0.3951534533695056
0.5187198817419981
0.5291866940916334
0.4455311449564876
0.5280211916704521
0.5289360551178546
0.5832148176555587
0.43064412179403627
0.5584803925126108
0.48480449342942894
0.48435847994625914
0.5538987684169073
0.5661908804911385
0.5232357700515229
0.6328100225058707
0.43404533681679924
0.5530901466541895
0.4781085052917017
0.5167932337988994
0.45061282851243933
0.6006931088228668
0.3988105239850093
0.4527782318732957
0.8899514599677273
0.6751464731087841
0.5828451967028375
0.5102171815286964
0.40326645804842126
0.46651126582343705
0.4938978296503216
0.4861093319887084
0.421701779989726
0.5351683205068158
0.4376954957376186
0.4380009581697579
0.5335430024969192
0.7810404705562384
0.4171781776817005
0.5679993445994249
0.548727118734887
0.4235449669507213
0.6660826180463996
0.4543858679006097
0.4945322306929581
0.6008352325272237
0.39893445664214217
0.4556937004485202
0.5555747717946671
0.4923130286052363
0.4989647736333791
0.49359889283215397
0.40904516148888903
0.5610801932162435
0.5222636915003891
0.4907825568807849
0.4621892152098804
0.5801809361657151
0.44453562854346806
0.46706521719302196
0.5117237602464688
0.8301833995961992
0.49052580509443217
0.5397228539657688
0.4499752921632742
0.44468367031867695
0.5234810776782319
0.41323413672601833
0.6237506350948822
0.5938493379619113
0.6598180027324981
0.5793239978186487
0.5031773989412811
0.4258900823397372
0.5878005692531031
0.5018439316178444
0.420477697769753
0.43390120679091815
0.5081747785126256
0.5890542866263547
0.436821009998093
0.5385575743009056
0.4954988891348539
0.5006418168270347
0.5138314502600646
0.49914217637818337
0.5583707170812676
0.5663636812273125
0.5923675570890837
0.45654899714391284
0.7233850832152
0.42120301004024024
0.5793725871495302
0.5272299903102606
0.5741555868144662
0.423173590736805
0.621514405916133
0.4644309234168493
0.7627977585516159
0.527538279929931
0.5973360322704464
0.6202359017124891
0.5052734963261236
0.4786865289983322
0.49478526841324877
0.539914760222203
0.4839277736352423
0.6691746110674281
0.5042297156342955
0.6156645503670428
0.4286202029215064
0.6668353548068546
0.45258119722330753
0.5172623900518435
0.5205105748815355
0.47733906254296726
0.39404598432148263
0.5098154021533498
0.5401856364722024
0.36405793486658494
0.5551353697088942
0.4712238151167896
0.5508866059414735
0.5914383423479741
0.5670490019495471
0.5030450354129873
0.7190632049430213
0.589033371477143
0.4762149620179447
0.6709996899394267
0.5075281392771495
0.6228444876322448
0.4565914345234116
0.5221665584091949
0.4843549864313892
0.5747536461541415
0.5573664716802738
0.44641237828122027
0.5631845793455046
0.6433025976918584
0.4469829169250632
0.5962611845840426
0.5029437514861365
0.41296653074457523
0.5808754673087592
0.6445173328404816
0.45819856863370384
0.5113279531931335
0.6123433128635111
0.5852580387790792
0.6311392560087254
0.6426180618971923
0.4702628522930477
0.7220177577651465
0.49096513949018056
0.6235628203486273
0.47757370006513716
0.5119288226806565
0.5124662951734184
0.7704089286776263
0.515585130995621
0.49694267613925447
0.5644121937063571
0.5139387744603634
0.3819773938545023
0.6544784333657029
0.47530110374227685
0.5093627635628225
0.6094998347865639
0.456741517186464
0.5090606346563146
0.633814180407507
0.546610748822408
0.49170732312203297
0.5677780220786793
0.48451889971618806
0.4944172868818046
0.6098038582222324
0.4818825341550598
0.45605168720360323
0.7313191863924076
0.4669285984622549
0.6423144835004198
0.5859600402945428
0.4764576627657101
0.5564895169319239
0.5872014080329763
0.4585843235951269
0.5255770705227064
0.6901902473080656
0.5424102462123315
0.550252651451062
0.5589938151417758
0.5040897735713696
0.5259039904240477
0.612261168767495
0.6189605240120346
0.5218035513092772
0.5569001925137357
0.4877410224930788
0.5808630559117635
0.5604316636449024
0.5231515759943983
0.4581276151398351
0.5883914453469324
0.5362550120673669
0.4658129258118991
0.5790397491035819
0.48722721823942705
0.5546525718483712
0.6223878172641613
0.47215432150415815
0.4696315110829626
0.7497249450550019
0.531892210125557
0.44147913797796057
0.6142543285842759
0.46624387309728577
0.5051750706530965
0.5830245149394788
0.4554082438459141
0.4481976231328379
0.7052831526638497
0.6300985844481997
0.6036000329732704
0.5322144700361477
0.4508836387595484
0.45281731420842475
0.5481014259575129
0.5956823604747299
0.6520943464540614
0.5685490336542176
0.4743361618083177
0.45312171020388897
0.7527222929514165
0.6158956121215131
0.6313777466758335
0.5520272729249139
0.581420055222171
0.476427459954595
0.6174645393391198
0.5322965224352354
0.48780339581917487
0.7173714288775687
0.49091197092590444
0.5458585018276002
0.7905981605703905
0.5035922953169878
0.5175765920612437
0.5450228049382003
0.43057573993699116
0.456749803313531
0.5911779490053544
0.462949314478501
0.4522643984232272
0.567272838810532
0.7192143536498851
0.484464143813731
0.7608453714662899
0.5553554807227222
0.5295001814812664
0.5980418786728526
0.495505898565099
0.4371259173580359
0.5982914109943781
0.6440562160339147
0.515772913048925
0.5533971955796682
0.42787282528112036
0.4538174871082604
0.5344804312099544
0.531117052376402
0.4515643407988381
0.5395209506279104
0.4878409322735766
0.61120528295257
0.5634084851733551
0.5407155388287778
0.5149403570699318
0.561204159531097
0.4410197338167056
0.442672598651181
0.6300861101804851
0.48016048755427926
0.4664372221582923
0.5462594997973627
0.6284649349247375
0.4427159284025834
0.5596436448926945
0.43186667898154363
0.5197088305421743
0.5166219514830691
0.4279905967181107
0.4913937290565152
0.549686916252975
0.4400241914845464
0.47796555852901296
0.6448070236408879
0.48638407574729114
0.38189584530420423
0.5353998424078071
0.6846184047344409
0.4845361360521065
0.6320679335473355
0.40928680520442606
0.5806801068426635
0.5276896428120353
0.4910796576101361
0.4181501763058782
0.488528339041875
0.5270545158348043
0.456664322772991
0.5751256754001915
0.47071508837727843
0.47643031747557896
0.5362116948453169
0.48649077287844633
0.44912152563449126
0.8896139139371027
0.5305555050298756
0.4342706915937583
0.5477597743328911
0.5849747536401505
0.531134182098104
0.5544299503279516
0.42182773606048757
0.41276002221117786
0.8330316019443337
0.43941392025874176
0.46850967821461176
0.5788360174462823
0.5199701733532197
0.4153925156196037
0.47245518380989654
0.435247565902269
0.6474149875902343
0.7161048652898178
0.42343774236802467
0.5279700556505006
0.48535624448444686
0.4654223575952595
0.49491219194985614
0.6016033447973117
0.4885529351301678
0.48691713828450944
0.4269590538176495
0.5870946517916654
0.6155790736868932
0.554980820355823
0.543346109093372
0.3522666237619567
0.4730032227017525
0.439678140388222
0.5169084467168169
0.48780094770032606
0.4759744837697677
0.45914419298046244
0.49816559794660736
0.3983979993426486
0.38412287768862285
0.5560637934463658
0.4675848507375889
0.40972742830639014
0.7149530753061416
0.6231350117908432
0.4395379822017424
0.4937402824493141
0.8137023212892673
0.6733897705876123
0.5766185681254699
0.525903814340479
0.3992198839116126
0.5652208904354936
0.43603581884749276
0.503264266716501
0.4407790075919282
0.46597353561607147
0.4612448572647365
0.71239496578551
0.4763413130174661
0.43849336717117554
0.47972001725272106
0.517906909227888
0.5714134849609955
0.6243854490841854
0.49273617290173966
0.45234119291401403
0.8465376648626031
0.4754872916636058
0.44561042598232065
0.941796495917139
0.5097125307756643
0.5000204726406382
0.5181547434154489
0.42465765148823925
0.5101145897260778
0.7985893450293786
0.4683064708019703
0.4761970290605386
0.5735004424516719
0.448772945095402
0.5336448057452182
0.4774879677392998
0.44165304995709337
0.6608370972938787
0.553586669985319
0.5420733467132791
0.4712925161985412
0.5694371189101997
0.5368494214392181
0.3703666913903097
0.8731224711537046
0.5623049859113908
0.7022682586031286
0.7968691194715862
0.6614163575843856
0.6566725793098656
0.7040707536652464
0.4848358906607717
0.5768621011126221
0.5368473969540036
0.6051971375871547
0.5142220407256385
0.583000365644281
0.5370995760946154
0.4655126964374201
0.5668715171805827
0.6362999725083759
0.6777606799050748
0.7030837856817735
0.456480090899386
0.45002810744836774
0.6019519627397932
0.529808039640601
0.6560529226016172
0.6011350119796911
0.5342206491009561
0.46749008990586055
0.6246492474783403
0.5963103578420605
0.5926114717254637
0.5795202163284285
0.5575662747684643
0.5241458383648598
0.6404892465819704
0.4966729852172228
0.4791745994936607
0.6035911464979953
0.5166027432875054
0.5104748299050638
0.5347583410487184
0.5097080770870949
0.4269669999282793
0.6611703474366813
0.47514901471228466
0.586557209654434
0.5783778754422364
0.5163271843171425
0.4845394083450628
0.5418629268431294
0.5004272286383876
0.5098398115655702
0.5221479924207215
0.5586650142889817
0.46187882822159004
0.6916430431039362
0.487258547684406
0.48472508104017203
0.5636916159621699
0.5210161985016203
0.45388152224955325
0.6260546427670689
0.47699776189832804
0.477650581101111
0.5179905199612591
0.49813203779655874
0.495849968393324
0.5367597497313314
0.4211417640027651
0.47213293687152696
0.5538330885756716
0.5249845590759755
0.47525215914875063
0.5964319857500799
0.49065029882346495
0.46727101335655696
0.6982398196491941
0.4776271944890598
0.6025150234838714
0.5770163071790728
0.4415685230872244
0.45894022254866873
0.5279111580826353
0.5393216165183939
0.4402629849286808
0.5633112751935807
0.4853160838182166
0.47792546154818916
0.6253503120945779
0.46308245608543364
0.5254265292203648
0.4857499677858471
0.5430591211634123
0.4379128135760437
0.5363590236335236
0.49832976926539874
0.4843298555584604
0.5863316848581847
0.5128394210165823
0.45236378527119675
0.5478458108886838
0.4405273406861119
0.6460972980015759
0.5542357276346184
0.550977570360766
0.5056070277036824
0.5925498275348254
0.5788578435116664
0.7053600915526689
0.5931151850988684
0.49990740695373737
0.5757051861961987
0.5421667062340331
0.6078732728079088
0.4778192681144984
0.5224233252505049
0.42594408252878063
0.5036747322544542
0.5820341852132429
0.5763251487918626
0.6892728903739926
0.5972445574148372
0.45101220700769185
0.42663661305817524
0.5366514981572388
0.5262650667590041
0.4281928760003964
0.564989200703868
0.43333234295860784
0.4522749937727397
0.594622021779593
0.5297962090190365
0.400948787194341
0.6804947396056658
0.5725976113299329
0.46964958880622476
0.4573161388643337
0.4013874277054688
0.4544096403710053
0.5397960262738705
0.5341693678790761
0.7368360895526004
0.6592005437108278
0.6554726273650304
0.5750522714050912
0.5574772004310591
0.6544623150135688
0.41982925799663484
0.5020711747585906
0.5023097747606141
0.5478017214181606
0.7316915545400228
0.7085670816124249
0.4389458752860203
0.8545053310525875
0.5704242915592178
0.526430310197263
0.5624874284079742
0.7364495197140539
0.7312228165046003
0.534635321403075
0.6167606715419406
0.5134499510094706
0.5386955564919212
0.4590081488837955
0.4448696840130325
0.5995473132184039
0.5157409359652686
0.5119226439530857
0.6410375745245562
0.520280664052554
0.6263820643805024
0.6833624679706307
0.5414372664588415
0.4315565851714568
0.41750175445851717
0.44187249401490014
0.4934871870591062
0.47825278243928676
0.6430542403205826
0.47213609506189574
0.6447150923003173
0.46902752570847106
0.5660633322841868
0.5035801615365987
0.4483437847283999
0.4679886954886771
0.537141542885095
0.48245882805999485
0.43379833049923516
0.5904168772080746
0.489892035783863
0.474649086648816
0.586888670092501
0.5557177041089237
0.5380966480086721
0.5355881396477623
0.5060242637270962
0.7255290158184993
0.5014461906824699
0.5092963607480283
0.44149444167737395
0.7198815640692824
0.6296289539492878
0.5667219705132774
0.5743752118984845
0.4716733349516103
0.6159209275841209
0.5589016738027367
0.45787877245915676
0.4727742894653064
0.6302164390413868
0.6064895366193059
0.575126696615505
0.5296117878676407
0.5738602720179455
0.5426390824180285
0.5488414496060485
0.49530939688421777
0.570749802338881
0.5358270632758642
0.6586958429853642
0.5500549644543253
0.5970847228865734
0.5407032912672562
0.47078491010827495
0.5700161471499186
0.5566889515925328
0.5329914050338347
0.749448587798288
0.567559313627302
0.5977534777821208
0.5329381592465224
0.48639527115475867
0.47139413091419247
0.5174382986777992
0.4591130241154137
0.5075848140667955
0.5568258721868566
0.4527309476934825
0.40079960998405995
0.5516080074052769
0.4778586399829709
0.614187863564683
0.8520256892136485
0.5450734093058355
0.6574395116915048
0.5784675816866701
0.42472348992728054
0.48004241084660026
0.5451693356758414
0.5071672876950697
0.592735305162572
0.5782178040825218
0.8926888570947712
0.6306363941637348
0.5267313103494711
0.497190906913981
0.42095160621158617
0.6029458380647911
0.46129989391880194
0.38572792546632684
0.5656716602962947
0.6546502986061099
0.4911395639768308
0.568485708196224
0.45280001835580264
0.7252146607953519
0.508852796565151
0.5504574860812647
0.6043355967162298
0.4530406906776328
0.43149646420762894
0.4423309733720324
0.831926343241849
0.5048506127748957
0.553971668868169
0.512541086860841
0.498131133279793
0.486004333712149
0.6569499742231698
0.580193517894671
0.4405118148782719
0.5302969920552848
0.42355213668254055
0.614385213920736
0.5389076057270759
0.40776708722345206
0.43398958196514253
0.47824949796767896
0.5132853526366518
0.4511907192132892
0.6490230809404044
0.44442567203987565
0.4986247516405712
0.6420318399057707
0.404332221515946
0.5351738182796355
0.507589597150365
0.5059345027022373
0.46833620903586715
0.6029312017818853
0.9225401389134784
0.562633627622601
0.5501402621820374
0.4923940687738254
0.45410205068765847
0.5714234042964783
0.4679475785817545
0.39305616859813164
0.5495043275381093
0.5050606966765618
0.5009690580369874
0.5446417236570771
0.48586134900417854
0.43094082627168667
0.6473544642978706
0.3948093323459234
0.42607410507822896
0.663635302370687
0.5273894339435112
0.440724004635907
0.4728315666883551
0.4258730827920829
0.6227273640085795
0.5413461730092652
0.4234941150622507
0.4028431325102219
0.5105016669652026
0.42010641552626865
0.4769223963611092
0.604201075460166
0.6550881034585613
0.3890980414163139
0.5142642353583737
0.4858899582519267
0.33398841741246127
0.48315927156880606
0.424025881171215
0.5417870372037823
0.52167208292485
0.4196950313100714
0.423297334613672
0.7059047550677916
0.5168839066912252
0.4600510074111722
0.5325862479096929
0.5727084717531326
0.5446943936639763
0.7237589752213105
0.4245079378197867
0.4667496766229289
0.6020373271209393
0.47882027227694873
0.44515002784401236
0.5316269103329138
0.5295907673621747
0.4612449736675669
0.6338782703830731
0.4443517835707903
0.5916209980738824
0.45086469133097895
0.4672808976956653
0.5326573475582081
0.5340834053734013
0.6094090679533044
0.5761664318711488
0.7197762340033721
0.5833840703980341
0.47601358825340834
0.5665376211936778
0.4534946914606979
0.35683717760045874
0.7615645060510734
0.5251777084555009
0.46792458347327237
0.5148039637709206
0.4487231565756291
0.44370137036907714
0.5593121042041677
0.5285107927368069
0.5359943032864362
0.5293282398031481
0.45822724396397924
0.45902392869423525
0.5137824504915297
0.4838389863088441
0.5083074040726333
0.589718951332995
0.5064066580897802
0.47841352853608543
0.5682451451353993
0.4613647147505371
0.5671128169248867
0.5662036154069059
0.5774167945894422
0.45103282327950867
0.5413268466999958
0.46334744342999623
0.4570927554388571
0.5181210368920292
0.4851443362534194
0.46552522453803136
0.6654518278822285
0.5833387501601631
0.44069030368289286
0.5291407491061586
0.6785724348354867
0.7252955118821646
0.723302888882589
0.48962051869700135
0.5531722854553799
0.5235579878928818
0.43053702100061203
0.47925223028444935
0.579866432823697
0.511816331322585
0.4544211877800776
0.5526491049410983
0.6975426401297294
0.4732754449757173
0.5189352366666439
0.5290641345048942
0.42165604046516914
0.6636652384261198
0.4434053633633463
0.6143716632078607
0.5676956291384971
0.774690972179016
0.4996397971818208
0.49147922331618077
0.459302018519231
0.48444573543453673
0.643554618040258
0.58516319068794
0.43175090752987727
0.5888964184692855
0.43967984850951525
0.501967657254051
0.640359664436911
0.6226789858501948
0.5820715107269142
0.6438230996419854
0.7867487706501947
0.583222530292121
0.4709263823577059
0.731280567683947
0.49396883547982506
0.5638465517914434
0.42856304085188685
0.47317326909153984
0.5812925758591845
0.4726100747341716
0.47304544059755776
0.5975927083524782
0.5375488438932627
0.3906922468248332
0.5337089356993152
0.5059811911840154
0.43625909252012646
0.5912824167949392
0.5519653838059242
0.4880812476514125
0.693048085341934
0.6378752772705845
0.4416279975340472
0.6376414044907406
0.6566017617632496
0.5092642054755001
0.6866724267130336
0.6456097042292426
0.5915505306478205
0.575692448432755
0.6391897254014022
0.4859786656221228
0.5533272470479641
0.481666737592754
0.48453536583827245
0.4740692771734411
0.5232789950078301
0.47876813375880234
0.5762897076520819
0.4772012672295115
0.4645232976537622
0.720670990312175
0.5846888701837399
0.5318065348494428
0.6314080420095548
0.47851988516257077
0.46677862437850076
0.5701014288230202
0.5827065315465233
0.4426327451740652
0.6415721425606206
0.6168739354483741
0.4976594684624801
0.44568151611205
0.5057854956719633
0.4931306793893896
0.53218663049174
0.5766341249102156
0.4142546159303011
0.5751372926665661
0.5814782529030477
0.4547757766170137
0.5064713012606081
0.4477072913529591
0.44217783708755765
0.711644579670202
0.4701427791867201
0.4580727187029965
0.7456709217728484
0.47740214240621803
0.40794777583991443
0.5225403470515717
0.4103367238217647
0.4656901005678862
0.5650712873723014
0.4670925694349782
0.6944668146044397
0.5545439866366412
0.4572549760380839
0.5573013382526091
0.5518103337643198
0.5902900956078102
0.7320724080172097
0.5180663661884372
0.45786934211010677
0.43374676685898894
0.6559487598286494
0.4596623799836021
0.4914227258514212
0.5202060049346391
0.44084824818178725
0.7161313969638264
0.5266255600858779
0.519762977054076
0.4901909109553507
0.5943660540479102
0.5177851997515236
0.4683383704907713
0.5592687565439662
0.4406316184499875
0.3971384387593491
0.5261048895968031
0.5830806612534821
0.44828926417138126
0.531379529989447
0.4351709136577327
0.5495259316874764
0.5757425272102058
0.43818408397774167
0.4261564430483764
0.4959521478033674
0.4117054691216016
0.4707590480395195
0.516977414935257
0.5683003458588192
0.43187006539945905
0.5922269410731685
0.6025730280657702
0.5206222528140484
0.522162878227397
0.5832957740947122
0.4261680470501915
0.4375784562756154
0.5584368300746715
0.5111585030266007
0.664874293374813
0.48244354005873896
0.4459177964489489
0.5277343702385295
0.48121495929311153
0.5729936321867415
0.5223901979539018
0.5476955333423731
0.5913089323533391
0.7200504902948891
0.6282566264568371
0.5379536743192371
0.5422337603825235
0.5321127543629613
0.45683613661326117
0.43230204865635996
0.5521925131460214
0.5489139823427787
0.6062590170237284
0.5570024782748294
0.4634959622718424
0.5278738560127855
0.46224779341685335
0.4056870795115516
0.528558895958174
0.4719740499805585
0.5723707742012911
0.5716868028464849
0.4077038519099305
0.4714514269323363
0.5249328675833759
0.5665106063837184
0.4238803220912996
0.5518159957261042
0.4586400431427534
0.451658361499905
0.4744336376502911
0.6055929040543644
0.4743602257386585
0.5639415200425718
0.5347111985503923
0.4284891929768155
0.5431012117229395
0.6320359178749195
0.4960296424465974
0.5486910431086816
0.4234060983964071
0.5071114076831614
0.5527574307148699
0.5022717531948829
0.6215173314782214
0.6396397169162847
0.6201231824559791
0.5209369143431527
0.49289055357602096
0.44040148698511933
0.6059224735856287
0.5284210061908089
0.47444073819927957
0.41024921447136486
0.5179406445189189
0.4331121690035305
0.43897065883778474
0.8644353751062108
0.5035525490172615
0.41853981127243817
0.7562056607824336
0.5139912321326322
0.4395570291489279
0.5448816899050988
0.45509943828296756
0.601905704423989
0.5670778734614507
0.49335846957515556
0.492676937033317
0.5603352548952217
0.43278360277671346
0.45497334139162815
0.6542896822422999
0.5849049212008164
0.7321017562942125
0.5034768078265264
0.36056323996078826
0.43783550341473565
0.7023549238230848
0.4137129479987669
0.42438691862664135
0.8762562223282222
0.572476532983281
0.6208158691409713
0.39922200657578616
0.43996177944863174
0.3820819077131198
0.5639981538265728
0.8432713396852362
0.4831659067823742
0.7601859977824473
0.5197981217290325
0.4187161099489156
0.5824243882517056
0.49781816621530606
0.4575057928544446
0.5047457968228262
0.4416897052676844
0.42918425030497565
0.589404007431452
0.4764321485830359
0.5602845165221843
0.4744054654157099
0.6345737034529152
0.6140029569120844
0.6334897562374415
0.4537878063406727
0.5622208915697547
0.5849990247732654
0.6003513316157807
0.49908055161841147
0.5877129194868747
0.6830425856361404
0.5258832869888194
0.5453435264733831
0.41973549621582257
0.5062475404146272
0.680886535331433
0.44854312652148415
0.4556708149855855
0.484039865366942
0.5871251492624727
0.48217545363339254
0.5677513021509639
0.4433764770307
0.4919277656811542
0.5396571933968438
0.4836816358427474
0.7397154165791655
0.6887841098995383
0.4565660480358399
0.4536996206127871
0.4959864889197655
0.5835147038479658
0.6335869842192571
0.752169571310336
0.46980441476342627
0.5117118848622729
0.5406770165018393
0.5143812966860383
0.4640676347220161
0.5364884030481972
0.5687932874937808
0.4482734648815313
0.5656094370772033
0.49652550946153085
0.6235369138370542
0.7085169129050949
0.46754132658508896
0.4238585858170632
0.5110141271393162
0.44012516190983825
0.4786293376132602
0.5641180196298118
0.43864781946903864
0.6267693459243048
0.516631497687289
0.659864728041923
0.4905379284638661
0.6987081287672854
0.44020206445721394
0.4566979280701028
0.6354952892692387
0.425552545182993
0.44516898980200953
0.6251922396256038
0.5951414921377205
0.559056046230907
0.4351672724785132
0.42601014817039057
0.49474239289060434
0.5787163576161886
0.6543800020663667
0.4602311915555877
0.49883388825020275
0.6259523565491645
0.4860136014405493
0.70271673398028
0.504868908619247
0.41907587343354963
0.632709729523452
0.6247497496456842
0.4835964854928175
0.5404064968275429
0.5701145873918517
0.5268502215579253
0.49222835736313514
0.7554490225042908
0.40447631198381984
0.45611388565200156
0.4439130192767488
0.6003010518800038
0.5659237640107174
0.47542509748514844
0.4937875061995307
0.9301847705508767
0.6073910350224065
0.4840987735803307
0.5386684181452409
0.4859730678983927
0.48702382153633045
0.5490245716920086
0.4637007596591174
0.4465930496402562
0.5025699953414053
0.42968336772960647
0.5531082496894613
0.4998374953275367
0.4986756691458741
0.48453178048435364
0.48548966648900405
0.49912274685078123
0.41025682478746706
0.47608497786425985
0.3947533713284645
0.4400075758513767
0.5211382911556833
0.5300710505139664
0.5932592203849671
0.7513151006755232
0.5783962459424706
0.4524695849839069
0.5276449326789523
0.41415353092204715
0.6811913581432714
0.5639187781750018
0.5637920146355825
0.5934854667673993
0.5509564913209939
0.561644373186864
0.5616351953220605
0.5411909975927248
0.44529861405255583
0.4359671668793751
0.5205254063774655
0.3998557703623028
0.5380333132615321
0.579211755645757
0.5099769449861739
0.4135176721392198
0.5960205142916166
0.5381889837779155
0.5160623544556745
0.5348012213174068
0.7121511827305436
0.43995898618984075
0.49964808812163614
0.5861966253895773
0.4796269459939849
0.5895004184927407
0.4311205111341977
0.4144859412011289
0.5566881799851656
0.5893374263932043
0.4378603207576186
0.4137515283774029
0.4590420389227991
0.5515092749169216
0.526854157571291
0.6214420211134247
0.5112360731380274
0.44082821847966336
0.7829021602344732
0.4739417816914667
0.47891502592668006
0.7115331062960258
0.7175270205781045
0.508387134675345
0.40477117951025865
0.48764176223283107
0.5096925462979118
0.4514648836223769
0.6234260704326117
0.711297901080161
0.5408806416465065
0.6058570556961054
0.5207601669869302
0.5736866430282123
0.5260412414565838
0.507226835928164
0.4494364570798325
0.4642646922363394
0.5249181248222266
0.4859433075510523
0.4421814670203198
0.5866885545865936
0.5164893774502969
0.47206791936937925
0.50802276357073
0.47296529017018474
0.46555114488636046
0.5472311112697128
0.4385702377714011
0.4276389860265855
0.5463031250698346
0.4148024108439802
0.4974518539123707
0.502776201339708
0.4899443549750123
0.46606711559735503
0.664342737015281
0.460218561755975
0.44955752437240293
0.56342596393686
0.43114109996339217
0.5261255294917668
0.5442808403146232
0.43754441622766
0.4175483535725957
0.6269774387363243
0.5521019505378508
0.4159323373096085
0.5581266410130866
0.4442887898055815
0.4395925640703501
0.6121541061704601
0.6123637715524342
0.4342190064128791
0.9048853514537356
0.45477754382230434
0.46236441291190855
0.5799321388177769
0.4634472184191193
0.4663746382943063
0.6032881115856126
0.5047726604476662
0.7740353664960907
0.6551988422156624
0.3837563179052573
0.46014868776807827
0.501204838816108
0.47720745069309367
0.42884101203049063
0.6679640766694617
0.4725155618593467
0.45586375792429296
0.5374021120393772
0.5935766891107704
0.4588151498462514
0.5271338106272629
0.44559121018518283
0.3724172325463886
0.5932682643598373
0.41572869097973364
0.44268958313580214
0.5572142562651322
0.46287400344675544
0.5147903501890269
0.5640440754108818
0.47582244311361666
0.799727406722861
0.5597208620430233
0.46105281173220153
0.7317248296068459
0.5713354742957464
0.45403883430181347
0.5242125593350089
0.47051128099615186
0.43589407689425363
0.4722961866790395
0.4884257078149887
0.511245421360905
0.4774621780302899
0.6432194015757295
0.4318215756713678
0.444663389104708
0.5272586915306723
0.5300749933037482
0.4523954745371091
0.5322171024936775
0.6132768620665967
0.4198603622895515
0.5083540657121915
0.5585594456107233
0.5614344173655434
0.5595110849044268
0.5169592392032804
0.4785650099333995
0.6055949269723098
0.43616575560191606
0.5041485620366948
0.7529013179831308
0.47515923233411234
0.5166542065353252
0.5175600769654586
0.46398050397964596
0.6177253485531331
0.5294366283337862
0.4367300995879513
0.5145820104903832
0.5055298766424619
0.40935023148270805
0.43896949954467507
0.5226881577551729
0.5707330005563148
0.7193869440284775
0.5527484988389654
0.6655212006474737
0.5875455223474273
0.47376276946625134
0.6214585028673526
0.733193077997619
0.4882083653062161
0.6730769696355424
0.40002340938140607
0.5678757347859072
0.4788788635599313
0.5252012904947245
0.501146317777918
0.4316657859434975
0.4641616919376941
0.8499466986932496
0.6654883965913113
0.4078145352438607
0.5718539527669054
0.41345214748362175
0.5091600872898349
0.9555316745870575
0.44472179578584037
0.5796240785375472
0.5752736508116362
0.47148945042990437
0.6383512302706149
0.7475073658778473
0.43884981976460646
0.5427668712549366
0.5536048093951924
0.4444852718048654
0.7061236124450718
0.5018783675895823
0.534168002709404
0.40657984272693687
0.5626154282351374
0.48140155354619585
0.4799122486341313
0.5533935265970524
0.585218309987563
0.49564107219497744
0.7509757823840431
0.48437262520564317
0.5095286166213153
0.6555809657557523
0.4208223160257912
0.4211163441161069
0.5631478476994254
0.46742690657336505
0.41940236718576274
0.567181194294865
0.4982900165132591
0.608056114950153
0.5718179085668396
0.6056204145289212
0.5630149391259713
0.5377293663490387
0.46228920002829166
0.4493885412246776
0.5904190191997293
0.4558124916032451
0.4365537595821253
0.5578292683048723
0.7073104714538282
0.4651622311727628
0.7359115150189418
0.4453291998692608
0.492983679439596
0.5110412846693776
0.5945734405544207
0.4226143874008755
0.5003878086736727
0.41997604540303274
0.43790844499806114
0.6438043548967753
0.46002788337048345
0.6563556568576518
0.4884957550491134
0.5867960961575792
0.5811398962166268
0.5215441000356175
0.5699003055098194
0.4581282308091332
0.4967390485181725
0.5476425625168363
0.5948316570116378
0.4493822207548134
0.465641650955588
0.5102261372351519
0.4036078768851151
0.5544464783817105
0.44087337572549906
0.5616644711506822
0.4532796609876403
0.4115132883724522
0.5332747126030405
0.5666305485984108
0.36412846109831787
0.49433371159634465
0.4001892241600018
0.40014537919279797
0.7199361260441184
0.40785344452733446
0.42464022407887203
0.43349265216420546
0.6866567672557642
0.4254851610033571
0.6888405239248636
0.4204988451186876
0.5741078500800513
0.43783073619863133
0.6216409707127234
0.7791426842957925
0.6166284116680874
0.4183160176233358
0.7689537016077737
0.5308699375932078
0.9659079508731422
0.5363951157071021
0.5034014767546707
0.4834304990305832
0.5791756903699099
0.560788512356229
