0.6955191330062309
0.6978886906623148
0.7028198725525123
0.6876526793971038
0.6943337573918658
0.6968276653720228
0.6950769235677491
0.6923697278726295
0.6908083730919752
0.6886060246464599
0.6867585947716668
0.6903691337738667
0.6870855346417565
0.6882899749776532
0.6885725019691422
0.6951270381492572
0.6894728856455246
0.6878636116979854
0.6875625014491321
0.6879453508170453
0.6904007325165027
0.6934928971313578
0.6924296097829842
0.6926946681045512
0.6885446170685762
0.6902607702656471
0.6904147368267481
0.6922237487074501
0.6939192521352366
0.6947532127232725
0.6912930905460979
0.6903618122272123
0.6900683662856015
0.6896842064325124
0.6869769872257026
0.6875358351433994
0.6851986092337662
0.684167189970758
0.6856826076968282
0.6857322642779193
0.6855194009619556
0.6866140781556266
0.6866784431372053
0.6880217328218677
0.6878369220318624
0.6891909528088189
0.6887050967802407
0.6878949530527135
0.6868687761702408
0.6855869030130581
0.6842172253583412
0.68227736292928
0.6822171291378297
0.6821098411387347
0.682624288632044
0.6825501311250001
0.6810111474314285
0.6785015062078672
0.6769597696283479
0.6770712543415859
0.6766191650199598
0.6762647443750761
0.6739677311170419
0.6728182871917533
0.67276520064907
0.6720923137833206
0.6726363414316834
0.6714913545347182
0.6719762167481157
0.671987148192883
0.6719522579936353
0.6715151648814965
0.6714768879844939
0.6704660844833916
0.6699110501515682
0.6699182138449874
0.6701562853164325
0.6700264008699115
0.6701236164553755
0.6696686339088924
0.6688495611095231
0.6673633168093618
0.6656841298726358
0.664954433578311
0.6653345116726661
0.6677422054139182
0.6674002936854619
0.6680931932317672
0.6676061473362442
0.6672265703781851
0.6665963450008886
0.6668173676323506
0.6649893731972694
0.6654471808088689
0.6650473305545251
0.6647067868163271
0.6649228014201078
0.6645494598538197
0.6643378365733066
0.6638540906732255
0.6632225751582355
0.6618479389261036
0.660331061906894
0.659475437217234
0.6579233953506423
0.6568888497262094
0.6560999873119188
0.6550784551633636
0.6535615142715894
0.6525866341080974
0.6522147336959965
0.6502596469650309
0.64902126726354
0.6477521881642043
0.6464049900497141
0.6448310814255506
0.644885949381701
0.6444780852285252
0.6426529068245769
0.6405806325011473
0.6388327319033156
0.6375372886482363
0.6362404894218392
0.6346697169949196
0.6343937472980122
0.633030125985756
0.6319264749170584
0.6314686370522442
0.6299525630547003
0.6286040900499286
0.628178029006305
0.6277511232785735
0.6273538098195552
0.6255526526293204
0.6264778406644929
0.6249013591605772
0.6252607067648789
0.6236134094433327
0.6212747262222131
0.6208663483837973
0.6203097445366701
0.6183488671437662
0.617862185608192
0.6157855987136511
0.6147075642271111
0.6123860235745184
0.6111617574928128
0.6112879759208691
0.6101553472901651
0.6098218639989712
0.6094565712859691
0.6093496302473929
0.6097531852686082
0.6094012581563087
0.6094191112516057
0.6091260296463742
0.6078850269001284
0.6076796254168283
0.6077988476090659
0.6061264957805935
0.6046714991624375
0.604048714591674
0.6045160467212163
0.6034198967887641
0.6037630406368026
0.6025727354996241
0.6023069374465022
0.6020107243433992
0.600613774785531
0.6000334742029194
0.5991735839432409
0.5991523428423345
0.5990197483321107
0.5983152897365928
0.5977504106896017
0.5967434641523923
0.5955712947778088
0.5944966968215838
0.5928756173734631
0.5926690898328636
0.5915561344959697
0.5918058434222255
0.5915604446141057
0.5908165429848412
0.5887130911347388
0.584515141980863
0.5840866126863006
0.5815355379927835
0.5811619188558338
0.5809454855333618
0.5817811016901466
0.5796149994492443
0.5794098036673305
0.5783094262689495
0.5766949637829442
0.5759348674347113
0.5734398972116543
0.5728599340067223
0.5742190027513437
0.5725612814808201
0.5709748685147329
0.570139714811053
0.570413472924982
0.5712259946674897
0.5709019995233449
0.5714045460969444
0.570477064040778
0.569894834701296
0.5696022421339179
0.5690461866977469
0.5691090918976919
0.5721133488083711
0.5718878365105486
0.5716156254010282
0.5704812682200788
0.5718374474801116
0.5720786673803082
0.570620413581128
0.5714730995675589
0.5715292132956842
0.5712849754984154
0.5700174077079982
0.5702488160566062
0.5722508362766954
0.5710716958788665
0.5708739401970989
0.5723403582080945
0.5716669404511522
0.5700908446433632
0.5708643350220748
0.5710374516989423
0.5705709984307923
0.5698266774716878
0.5696473248505054
0.5675066520027818
0.568093907080117
0.5684300385946185
0.5702720308193941
0.5711165824584004
0.5716101715871457
0.5716072851350599
0.5715899697409437
0.5703750336360012
0.5713858156891949
0.571192534058392
0.5713805467910571
0.5702183261316321
0.5694653607244282
0.569208042643565
0.5686005193305194
0.5685135811783166
0.5686538302751979
0.5657082444767003
0.564657781064815
0.5652093679197144
0.5644145970907724
0.5668476134033065
0.5682571894658949
0.5669450527153913
0.569744576614872
0.5705414767042284
0.569733736827511
0.5684833728777652
0.569387874495576
0.5667035716128351
0.5664198171491398
0.5660811726609364
0.5668262718533364
0.5680727825202052
0.5681849547576631
0.5701307277486581
0.5694661343623161
0.5673666202660584
0.5676691546212483
0.568518889652385
0.5681986917036244
0.5679658743528971
0.5686775182023932
0.5680235752230989
0.5668431658001216
0.5694326227350209
0.5690330405493633
0.568745384554826
0.5692498353575111
0.5696503509913637
0.5702220058365718
0.5701606984078279
0.5700869174324628
0.5705192545508198
0.5697302081379076
0.5692572951463912
0.5698809700501419
0.5693432853431112
0.5682893156585841
0.5693925938743304
0.5690549462884317
0.5704926169950801
0.5720837222302553
0.5702069615526772
0.5712749415720688
0.5710658494552894
0.5724259600809983
0.5722975422246036
0.5723037871681974
0.5721733942071459
0.5710060479035614
0.5708840989184446
0.5713619570130021
0.5727501431839389
0.5726107366242335
0.5727538868852361
0.5718900843838048
0.5743133428540543
0.573684154008993
0.5735756981781708
0.5706817435954775
0.5692809612391363
0.570429265978619
0.5704464792972985
0.5704306436340216
0.5699374393937922
0.5699775197338487
0.5693253561740896
0.567431277668579
0.5682290342616079
0.568416664468349
0.5655691018432164
0.5638045474017891
0.5653434066287099
0.5630982782464323
0.5637340173725013
0.5637944815246435
0.5644369282583572
0.5647806435433474
0.5655741037393585
0.566521127275054
0.5650103814455573
0.5633734397872079
0.5638859840490066
0.562993756994709
0.5615316575987023
0.5633859740839594
0.5634705571739235
0.5628153440546867
0.5627065275949956
0.563053540108354
0.5639300492271588
0.5635105477231763
0.5643276685765791
0.5657996507908243
0.5650677351971127
0.5655515539174601
0.5663387146337648
0.5663024773168551
0.5645610252759549
0.5631133502611718
0.5614231669550587
0.5593966172499294
0.5595920721822899
0.5581968768729613
0.5584356112335627
0.5579728858352692
0.5598820893647598
0.5587150046831754
0.5609654234025683
0.5615193665844681
0.5610188398561968
0.5611585763359471
0.5588806915974687
0.5569854909123294
0.5564293154634553
0.5553889398967279
0.5566163048115499
0.5562905260477853
0.5558175589022316
0.5556306717043471
0.5548770241303168
0.552656931664638
0.5543263861199804
0.5554981084293094
0.5520315284503795
0.5524297505239423
0.5528487613696568
0.5523856990230767
0.5520158393370038
0.5533273610499972
0.5528315239735275
0.5537876606382168
0.5533133852539449
0.5526954192913
0.5506270847626245
0.550107056392185
0.5516731417969957
0.5521105516339532
0.5532997437831471
0.5534493121495396
0.552680854110075
0.550125572650493
0.5488184870618666
0.5486588750313127
0.5495756625162469
0.5489163581505356
0.5483705475819832
0.5478827481368279
0.5486596350110853
0.5478410211672928
0.5473873063146318
0.5478955228687895
0.5488963827383
0.5489984103853354
0.5473411126017326
0.5445351868450644
0.5421832724468988
0.5420010450178377
0.5426890607501619
0.5436332829027808
0.5435629273097157
0.5434985632873205
0.5422292011769837
0.5423778552751025
0.5416955549254956
0.5413453974266814
0.5437199749655104
0.5439470859714439
0.5436925509076412
0.5432780468315955
0.5453916476897471
0.546495932935922
0.5452774366991364
0.5469722057743902
0.5475378356926153
0.5468677800495219
0.5456141693975153
0.5467413702552728
0.5467570361415629
0.5455546126784288
0.5456479079764491
0.5468141579441637
0.5461122462461713
0.5450178010918266
0.5453076463581883
0.5427927386513333
0.5434268821586181
0.5433773619839085
0.5427378216288754
0.5417588575743293
0.5416748105425807
0.5418370899255102
0.5424466708948011
0.543438699117683
0.5431775796587525
0.5426514281610062
0.5433433788766275
0.5440893877852332
0.5431701476421787
0.544573136489723
0.5439670003232896
0.5450475182346242
0.5465332177089001
0.5441565836624466
0.5426833109498425
0.543728384427016
0.5413528834776958
0.541531395659534
0.5408163238375938
0.5413758998037868
0.5414011333086581
0.5398738631755223
0.5401161758892692
0.5400220131134652
0.5392186329652288
0.541101789425716
0.540199418977378
0.5403145919584067
0.5389413880729511
0.5390571683468199
0.5385777730776613
0.539815253053187
0.5389358817016364
0.5379571099130388
0.5404452588843265
0.5398708387159941
0.539651012202728
0.5381168474444841
0.5394196599715013
0.537339019028205
0.536233649706311
0.536632093304541
0.5362805138900042
0.535939257687509
0.5387765567926521
0.5387343712755704
0.5388330036825306
0.5387104915776689
0.5377538380860328
0.5372411713654709
0.5385533746452627
0.5400186148918797
0.5399756850972333
0.5393778093359882
0.5411165056439239
0.5439827643418027
0.5445969208529804
0.5467347445985324
0.5458498000047652
0.5473794489674648
0.5476275694414465
0.5456138862179973
0.5445141469107291
0.5435481582935093
0.5450231881559112
0.5451149530925178
0.5447322700501984
0.544447213336563
0.545382257179152
0.5441995163985703
0.5444504893019321
0.543224046402109
0.5438805613445371
0.5449944480135838
0.5467065806492555
0.5478535971040468
0.5462418231433837
0.5463986525302229
0.5464583765264223
0.5456647459169833
0.5443299965804087
0.5447585587998114
0.5466301421882382
0.5460953472581832
0.5445111009371751
0.5434972281830867
0.5447043599126704
0.5434360121813308
0.5446688377615518
0.5432322333784545
0.5436588138273296
0.5425309710007877
0.540976395221726
0.5405995048248161
0.5423231304400014
0.5425622109820017
0.5423294412264
0.5417119316896535
0.5431238849541955
0.5425818540350741
0.5440626468837959
0.5436288711757643
0.5409285459096186
0.5381013952147697
0.5381307441647653
0.5370802762626877
0.5355368576555111
0.5338653335578478
0.5345398959656849
0.5350066000551913
0.5352153759863569
0.5349730542021048
0.5327661776862432
0.5340884419045338
0.5345628856984448
0.5340068960025558
0.5369595517562485
0.5364692258754251
0.5367315341722884
0.5361135442266045
0.5364065987511247
0.5360064367568442
0.5385536014042037
0.538657008055376
0.5377360515379181
0.5370628911426447
0.5371887723234948
0.536212557161952
0.5356077961904763
0.5350438174446904
0.5350821548841983
0.5346677178385157
0.5349677803580792
0.537362992392624
0.5377508458583479
0.53698024431537
0.5369984086034731
0.5405349657143359
0.5404646784702765
0.542208620639266
0.5434294783777031
0.5439133670995756
0.5425614329403801
0.5457997926158431
0.5451201721555449
0.5470554320651327
0.5472753234967005
0.5474143825964303
0.5476625089693398
0.5490558988554561
0.5474912907346794
0.5475764152166797
0.5492559951800956
0.5484601259381698
0.5473763360977965
0.542910176833311
0.5412187870629641
0.5384814592132947
0.5386625768479931
0.537383572688482
0.538317921456322
0.539016681590357
0.5383246791408307
0.539798088850782
0.5393771139748158
0.5406589295070181
0.5402487098674227
0.5416781328249405
0.5412223815703275
0.5407117706857824
0.540409350052088
0.541874605491426
0.54029650214977
0.5389631318605944
0.5370776213177872
0.5371704713151776
0.5384033138648507
0.5371524057600723
0.5369206493511423
0.5373159057521041
0.5380177803573236
0.536582362139194
0.535093151928359
0.5341270607162918
0.5340018103076353
0.5343477854427401
0.5344857560001182
0.5346211096916861
0.5339492078214643
0.5356160592624385
0.5349387544690125
0.5359118957637957
0.538413056716026
0.5379135795293234
0.5352569661057505
0.5348097001860472
0.5350434968289229
0.535348762983898
0.5347206410900863
0.5367111404995706
0.5341079303488948
0.5334350071011769
0.5358213762658316
0.536421954758096
0.5368941062312992
0.5368378995428287
0.5381966822718004
0.5399124454734071
0.5390910960931947
0.53883598480947
0.5378149083913892
0.5390608642673699
0.5410275802387612
0.5403887521188315
0.5394860485754648
0.5401648867786261
0.5394569219951567
0.5406299392666098
0.5395748548879472
0.5388975195732673
0.536796541443644
0.5373856023923395
0.5357396014246312
0.5378533478466805
0.5368980249337134
0.535871808722168
0.5360291123567826
0.5367786670987439
0.5372036321695
0.5366188277572355
0.5386346723063107
0.5380124356357366
0.537823052201005
0.5357836489381488
0.5335898215109233
0.5355319345705584
0.535249795423939
0.5322026496570256
0.5319566637731817
0.5321092174884096
0.5322857649526808
0.5308032846703565
0.5318082918880928
0.5289747509118394
0.5281552456117924
0.526155274759646
0.5248540164975241
0.5237415478212241
0.5235505537777805
0.5221561763186066
0.5224764527799995
0.5200402017138552
0.5175792548243028
0.5194706793770891
0.5195625416340487
0.5209577054585095
0.522476357140001
0.522665348004197
0.52369921807734
0.5260547952809702
0.5253700177809941
0.5247866033646068
0.5236928781174954
0.5230842162213295
0.521626322895707
0.5219814565006023
0.5240247797024877
0.5238775914859697
0.5227012762255382
0.5242110860922865
0.5248962347933388
0.5244373740493823
0.5269657614709355
0.5276090684140579
0.5278977170846813
0.5257235134359133
0.5225387470537908
0.5223866652953353
0.522370711611537
0.522458841122151
0.5211039570883981
0.5209155906874192
0.5214765205169256
0.5230138280206931
0.5219795860172732
0.5220261216715688
0.51996069393493
0.5200213742483413
0.5203561741321738
0.519684425373319
0.5197719990881431
0.5191572141690208
0.5185988172076521
0.5186812957848421
0.5192042174787982
0.5182875402449209
0.5175422051386935
0.518244280528957
0.5170208881027576
0.5147461601586969
0.5145728159695985
0.514949178419576
0.513050493349308
0.5128601054341744
0.51448080317873
0.5146580312233042
0.5145660096257777
0.5137278978973905
0.5132793943368259
0.5124699525564201
0.5132589471826648
0.5127954467982628
0.5126645019574712
0.5133623069836495
0.5140996188210468
0.5135311538993328
0.5134240107830457
0.5141628429849496
0.5142963874067114
0.5158881233943828
0.5176845601878359
0.517110353034835
0.5186989874611867
0.5163566594848206
0.5168800546696501
0.5175698582067426
0.5176581663695948
0.5199100699870869
0.5207289025093589
0.5212166751040043
0.5190972755962056
0.5198018088477538
0.5182970862590107
0.5186789023913753
0.519451137541412
0.5191584774549072
0.5225152864248463
0.5234866152820399
0.5227772249997865
0.5213651754750098
0.5208831317783835
0.5208740149238228
0.5206043007168779
0.5205763471287073
0.5196924228955551
0.5214872038667816
0.5233272496900839
0.5248663330868918
0.5238345667806634
0.5236249196233698
0.523022314097663
0.5252653148962817
0.5263868420289576
0.5271048799607005
0.5257492531743252
0.5273197489716744
0.525655604662632
0.5241236123538824
0.522579106916759
0.5213686210309152
0.5205334137463766
0.5202769455417169
0.5199805267143242
0.5208497819309916
0.5219146853078012
0.5210737706126878
0.5201836602725755
0.5208075102103578
0.5235330214225101
0.5229350122298042
0.5226382880915894
0.5219145075859956
0.5210779406416438
0.5208134078561222
0.5205981136820216
0.522994886280995
0.5244357428518964
0.5270188730090377
0.5277387971937499
0.5288234613998918
0.5286424359642266
0.529695817091654
0.5293859177366657
0.5298176306076453
0.529708240405249
0.5297114473231962
0.5299809184564426
0.5304288176664401
0.5281990659971519
0.5268447103835814
0.52711023831267
0.5276414002297506
0.5256012576506555
0.527840895870272
0.5290897197227951
0.5302842183727944
0.5295056248606388
0.5274452818449886
0.5293801428903673
0.5313420517472619
0.5322670467874415
0.5331980902651019
0.5353502139310321
0.5340721693864807
0.5336250099949662
0.533027451458445
0.5322742880567064
0.5312818513396034
0.5308294568019216
0.5314225081574541
0.5314415821818949
0.5295648089780018
0.5306808350168364
0.5309711429730216
0.5310466714210381
0.5312076872651589
0.5310355010805354
0.529518922119006
0.528714201813414
0.5271445748129123
0.5269163038624566
0.5266893701961302
0.5249213006870006
0.5259316991665675
0.526579601831774
0.5264230668767269
0.52633497824123
0.5230569681416112
0.5221605721757396
0.5223345272679079
0.5221202104038538
0.5224890176487149
0.5227968191791039
0.5211003718311101
0.5197491199175925
0.5177389667841247
0.5140918336051281
0.513953711091919
0.5129769179810156
0.5125329595619277
0.512594364384943
0.5134066952402567
0.5140294111450074
0.5142258039709685
0.5148713374112747
0.5136996563233891
0.5118099331202621
0.511078941759217
0.5112997084597452
0.5127592843972709
0.515308026935859
0.5151460543193669
0.5142084275780063
0.5122611342597198
0.5123788422073848
0.5118681794360396
0.5153079879951875
0.5149644745852844
0.515140414442607
0.5144645965323268
0.515746530185947
0.5167848327935145
0.5172574889952524
0.5172852231686714
0.51696972628906
0.5161624789954486
0.5151957800012316
0.5128615498833397
0.5106398147242941
0.5105052054243374
0.5109695089020271
0.5111891958426069
0.5118661408132232
0.5123182443819041
0.5139763066979914
0.5139154994500529
0.5132722952258576
0.5113791583679251
0.5110235761503943
0.5095360109668436
0.5092932990940987
0.5104994832302807
0.5104802103853678
0.5099052705993313
0.5101856318860556
0.5108562192452237
0.5139724034901344
0.5139105967971715
0.5148616017216711
0.5155534547011666
0.5148034942197136
0.5146107049819864
0.5162486055210446
0.5141977350841265
0.5123231611260216
0.5129054283162201
0.5142676153029244
0.5145504570176118
0.5122389585655488
0.5113133746782484
0.5114535448570474
0.511333725658124
0.5108870796346935
0.5106369663254987
0.5092152490111732
0.5099169637260609
0.5100868704601137
0.5102305853996778
0.5111857267177062
0.5126604478757706
0.5116570112998943
0.5113308944382505
0.5094893801331338
0.5076116166546684
0.5081778688367113
0.5089940904950103
0.5090163854335199
0.5095117810338019
0.5092581728157372
0.5100249344517266
0.5095766411517847
0.5089743492364519
0.5105808799576362
0.5116171884041869
0.5101058080405988
0.5091479948931651
0.5090360253905114
0.5098971580578163
0.5126381384659441
0.5124548959643493
0.5127654377065863
0.5121531489875603
0.5136599217124901
0.5152208529411563
0.5161463386168674
0.5182428065357279
0.5184399558979869
0.518711472149491
0.5187498687765977
0.5224029365267167
0.522563655317906
0.5217165143718226
0.5211785509566611
0.5215330760473352
0.5203236323671295
0.521032661828289
0.5210647213270749
0.5204831394824186
0.5206849600868583
0.5210831242197894
0.520535757150432
0.5201088965144488
0.5221377328868905
0.5216202834530759
0.5210920260954874
0.5221500196684603
0.5205614906106597
0.5212468632917562
0.5219818342476743
0.5204618972646208
0.5194261412160209
0.5191579229033492
0.521662414274001
0.5200748351073541
0.5188780988334272
0.5180806866104336
0.5173014121263365
0.5184013297097606
0.5184741463084145
0.5185138723704281
0.5185898476499833
0.5188921240872899
0.5177428462916894
0.516920664980353
0.5148588687548487
0.5128591799308031
0.5129103084319456
0.5135742464163603
0.5147230289547992
0.5151442111885771
0.5160790364223181
0.5151879537108676
0.5165681903887177
0.5142705692245911
0.514273941811762
0.513834009035458
0.5107215974411404
0.5105600067583186
0.5111451972893631
0.510479214889511
0.5100332146357425
0.5087462381855234
0.5076512676589989
0.5074950986981367
0.511971787048357
0.5124986344754285
0.5111320231697036
0.5113718759781358
0.5115675895947345
0.5105913648515693
0.5103381470096848
0.5085613030969268
0.5073962911149792
0.5089310664669471
0.5084254618781195
0.5081405321643533
0.5094880367850262
0.5098511627833742
0.5094203924773177
0.5084166004935087
0.5101321469505677
0.5110812649235729
0.5121566246288447
0.5123656234126258
0.5112574639626787
0.5095051500233536
0.5109820894165522
0.5107559843397094
0.5120942974084547
0.5125876791598293
0.513204912438002
0.5139061590157842
0.5118146815637362
0.5094425912057234
0.5118040177420974
0.5109160639050986
0.5107347309402978
0.5125734310609747
0.5123076242629955
0.5119989225105984
0.5141339081613348
0.5145563680372854
0.514985870424793
0.5140413161310156
0.5150305237783345
0.5141814279003946
0.5134769738986195
0.5140569232832546
0.5137203843055184
0.5100272819032746
0.5087229628672815
0.5091813959076918
0.5090151849358902
0.5101994736207572
0.5120977937930052
0.513012412732369
0.5133654542571829
0.5136690510464943
0.5127190690611257
0.5117545492845332
0.5108836801331479
0.5091355070967732
0.5076939748239914
0.507571363511796
0.508095920769569
0.5056649852224812
0.5046102571724009
0.5046050697217371
0.5046642372514083
0.5057386412972182
0.5061033253365705
0.5061999734288714
0.5034544281759445
0.5041020663227084
0.5056873501186716
0.5069173782433399
0.5078778445443768
0.5067438254368626
0.5066452710989772
0.5057315920636544
0.5050109545370277
0.5053168959224165
0.5044630264918183
0.5051698125960375
0.5064851757986044
0.5088911153136563
0.5085263120633038
0.5070754182729946
0.5059694323996056
0.5471626341603004
0.5470289382027217
0.547016477746098
0.5469824438670984
0.5469206631565954
0.5470737779950511
0.5469214552926951
0.5469264845490323
0.5468559466030948
0.5467398704201063
0.54663403900295
0.5466526812323782
0.5465616089669623
0.5464176084501513
0.5463077900372758
0.5462906767859411
0.5461583122861892
0.5461903743546997
0.5461484284072681
0.5461454473680013
0.5460640344517768
0.5460699310974575
0.5459945312037576
0.5461095439604388
0.5461229620173744
0.5461211294896136
0.546164386730993
0.5460879718540301
0.5460799268225116
0.5460223027837939
0.5459251076143703
0.5458742992480078
0.5457819574716517
0.5456388157243267
0.5456009987670154
0.5455553664581719
0.5455262913062493
0.5455512484647923
0.5455444563080877
0.5454887143959061
0.54536582845717
0.5453482393433919
0.54539313625508
0.5453611850547029
0.5453824306788089
0.5452813075458892
0.5451612410301361
0.5451172953114044
0.5450934621184409
0.545097569227202
0.5451861712475911
0.5451221169952264
0.545033426149681
0.5449493065537343
0.545019513028045
0.544928820691375
0.5449186980210632
0.5447919036226001
0.5447018790404508
0.5446268335795065
0.5445101257270448
0.5444952471508043
0.5444686666149771
0.5443507191300173
0.544259750548007
0.5442560349625992
0.5443982965590801
0.5444994980751511
0.5444634703915697
0.5444854132527486
0.5444883923043128
0.5443872026883992
0.5443863410362074
0.5443405720804102
0.5441969829711445
0.5442051382221688
0.5443020867005375
0.544328599134086
0.5443878334536487
0.5443128777956042
0.5443296961197027
0.5442815458125271
0.5441702822530268
0.5441856082977262
0.5441372978086386
0.5441247268633571
0.5440076070538894
0.5439672199250746
0.544015227932987
0.544081273201886
0.5440069943947193
0.5440011557222308
0.5439748249837528
0.5439978910271909
0.5439929616628186
0.5438976129176236
0.5438751855443059
0.5437626545355955
0.543728655472681
0.5437024714659833
0.5029410610893532
0.5030719504249199
0.501469965556782
0.5014584844959589
0.5018346631832549
0.5006765411619193
0.5008710687987954
0.4994434745099413
0.4996466761787638
0.5014320599328382
0.5015228932270728
0.5010445984660605
0.5018794895054349
0.5024607251969507
0.5042870383999931
0.5053397124925367
0.5063370974191718
0.5050594558151168
0.5050262178652246
0.50398374062237
0.5049692424783828
0.5056508685511997
0.50542406517847
0.5046048468836406
0.5040369634784446
0.5034305960464047
0.5025326094871474
0.505694227032901
0.5049800563714397
0.504593896655344
0.5062484031149773
0.5052046618099425
0.5067437037293867
0.5079377519019359
0.5084609156091585
0.5076162198977474
0.5095017924040476
0.5077648995116171
0.5067834210977806
0.5064586228202963
0.5071273589151072
0.5061278763192513
0.5054732669843252
0.5046736969438725
0.5049753907448327
0.5061431546151087
0.5063946318344191
0.506497623167685
0.505730258296383
0.5043201374821493
0.5016474107642125
0.5025634734213874
0.5036495627267051
0.5048009695525656
0.5051764800611733
0.5061878289399782
0.5044076242172801
0.5048563012216483
0.5048253153110109
0.5043636880518271
0.5048428978123355
0.5047861642669512
0.5055300723645522
0.5056907948040053
0.5080898185759416
0.5066040779522016
0.5050536083656822
0.5025423828758819
0.5017298553408986
0.5005748376577585
0.5009296633429212
0.501306742780939
0.5022920818600567
0.5022279451373977
0.5039819775048126
0.5029821993555806
0.5028933277064526
0.5021159869127925
0.5001748215872166
0.5021222637505024
0.5002752378268166
0.4997617550911727
0.4999727860961339
0.4998438327346571
0.4990101381482581
0.49900120212610427
0.5003199712866128
0.5003011125401408
0.4992877257634749
0.4984577597027193
0.5002353251548122
0.5007923196813823
0.5016104115540526
0.5017428462825267
0.500600028065
0.5025096386486733
0.5024445097686363
0.5044342247832025
0.5057333040864735
0.5051473497558931
0.5062060483021298
0.506577024298627
0.5070559693966719
0.5091112274468618
0.5090004024490633
0.5086266659653704
0.5121553038808709
0.5137161775369001
0.5130191124167891
0.5115135922762984
0.5135598198457451
0.515070281828117
0.5141371313352984
0.5157706243502926
0.5138987343110825
0.5119451274538925
0.5115810929956798
0.5115887682579909
0.5117383061464659
0.5114154878051043
0.5110905476963727
0.5097485760049506
0.5102560029723209
0.5113553085394259
0.5105419110198071
0.5096241054459165
0.510757640879515
0.5090231219619376
0.5085364133130916
0.5088508304512794
0.5083876158682065
0.5100261729323312
0.5104483326846317
0.5105090192423335
0.5098105893376208
0.5106969326979577
0.5096119983334413
0.5117987595862598
0.5126347009946968
0.5131918124776422
0.5140526942292888
0.5145056586326852
0.5138272812024139
0.5151263987561174
0.514035650187334
0.5131348976704979
0.512987786549241
0.5138426392949075
0.5138360904610888
0.5139096837752639
0.5155854320794003
0.5156882635508436
0.5141849346542411
0.5139104824804317
0.5128844657603009
0.5121947324698927
0.5141693039054841
0.5155136883012622
0.5155112362390607
0.5199938630791787
0.5215688164000448
0.520681424064032
0.518563464407354
0.5211767892139479
0.5184673511489843
0.5186934478484857
0.5193450170505552
0.5210111275773999
0.5225189276543087
0.5230858133607282
0.5246281309997533
0.5258456608266142
0.5237021215689062
0.5243286811707588
0.5236570710343368
0.5248068890923923
0.52428001019686
0.5249205421469322
0.5250609952508197
0.5237786795188945
0.5258636473099945
0.5266355163647646
0.5263685720062823
0.5252744848360664
0.525831479658866
0.5252955086838739
0.5255010314053796
0.5253411178732724
0.526482711687411
0.5255105278291053
0.5247690058250642
0.5233994147341087
0.5234889503096176
0.5229949432310431
0.5240539369405449
0.5233657943864717
0.5231187691730571
0.5246089671090486
0.5237975556084443
0.5255955630513841
0.5252730118693116
0.5261988441278409
0.526462381181462
0.5264104897145705
0.5268249472651211
0.5258924292131194
0.5240191224191568
0.5245080372009471
0.5275890299413775
0.5281757269754328
0.5288279883568537
0.5297825563154366
0.5317364837433689
0.5316791274229857
0.531549472284941
0.5320552365659648
0.5325346673856868
0.5332152230794225
0.5333006383744235
0.5339946265466551
0.5331199243233131
0.5329206867885089
0.5324335307953731
0.5299046574533743
0.5307050081361936
0.5317528634340055
0.5296694903236674
0.5280620296519092
0.5308920062643889
0.5312639098085437
0.532899947399351
0.5332732237679727
0.5334574311645813
0.5330674063735565
0.5336847451197947
0.5344012219831306
0.5333059766950385
0.5322246549216276
0.5330822885824645
0.5338546656166954
0.5324607641409599
0.533140215403941
0.5329188928406384
0.533007696948624
0.5328827928145446
0.5335388300522141
0.5338623859043621
0.5326707350422741
0.5323619968218646
0.533810295596195
0.5324144292634488
0.5323330568421586
0.5334986504755457
0.5328319490846141
0.5341315527165003
0.5340277253144246
0.5331061339678667
0.5312586266547966
0.5315650188082468
0.5275567161734026
0.5275682150923889
0.5280851980556605
0.5304585472796733
0.5277784362773479
0.5285839096299075
0.5285387705665765
0.5270518868626484
0.5266318796061498
0.5252332386366074
0.5255981182529219
0.5226942541063943
0.5212787168503954
0.5227057105036367
0.5225603593275341
0.5228614215398653
0.5211258713950369
0.5191469325084876
0.5174056991896593
0.5190019147135184
0.519891349683671
0.5190505139612326
0.5180637555459019
0.5185257825777388
0.5193057012067009
0.5187926450562188
0.5195134601506857
0.5182430893115155
0.5188923692020118
0.5175793147897907
0.5177976683963115
0.5161467020498989
0.5169221617225364
0.517509466219908
0.5177033111388389
0.5177570112140294
0.516572594556931
0.5157064316785659
0.5124030101055499
0.5124257129599333
0.5105075416018874
0.5104168734966718
0.5090413473733255
0.5092009984574366
0.5087028080302093
0.5086065471223864
0.5080576624985863
0.5066180972077552
0.5071429041940148
0.504813845423811
0.5049347618914408
0.5032695188179601
0.5006168151355914
0.498696001622049
0.4972257400682319
0.4985671237021332
0.49813402572954507
0.4975027392070104
0.49769868205422396
0.49777657626106936
0.4984321339514745
0.49806015797269526
0.49740189960834535
0.4995072063264045
0.5001952869373092
0.4990740553425062
0.49898487486780513
0.5017994521401092
0.5019791642457265
0.49994205190745783
0.4995228210242014
0.4983102046852687
0.4962182271455168
0.4935024911202216
0.4948293422972684
0.4937068543382859
0.49373716716292465
0.49410400838820534
0.49520182269687263
0.49493282766886276
0.4938053855783134
0.4936110726445686
0.49298234394966045
0.49490003364437124
0.4945075938851953
0.4948488135480904
0.4966515106278968
0.49607796869808823
0.4962079633913361
0.49756632993241084
0.49915189125001325
0.49978471712942146
0.500111195938068
0.49947931148343544
0.5013607620383438
0.49918767996234026
0.5000814521433906
0.5011495457036304
0.501364772387101
0.5032107606530337
0.5027392329658538
0.5008060120228316
0.5013429747303692
0.49879470650777447
0.49920228483128976
0.4999684229031493
0.5005323151963297
0.5016842436094656
0.5019466815816422
0.5027391782014957
0.5019645929029624
0.5031278492252351
0.504610171161254
0.5033572742477664
0.5039845173752251
0.5039876694416205
0.5054459610390518
0.5054702438737163
0.5076668720395002
0.5067377177484524
0.5048902883720084
0.5054212667206045
0.5071319891096736
0.5075006511385455
0.5062724996594031
0.50901923499705
0.5086322983657156
0.5087431140068427
0.5086770184440068
0.5092481386113907
0.5088218982313196
0.5112956290853199
0.510678473724358
0.5092970271537491
0.5097113160683512
0.5091107739165843
0.5107146562829777
0.5121985795685284
0.5140788371733856
0.5126090590253556
0.5123848933510851
0.5127150168678972
0.5142029146502697
0.5156130707385408
0.5161847651253892
0.5152577181500835
0.5166797487805254
0.5171030886692171
0.5144923875977304
0.5156745319303752
0.5150905749472684
0.5156658873486312
0.5154139500987369
0.5153813797444056
0.5153631512550676
0.514454991280377
0.5145367720240186
0.5152906875156364
0.5141499799257098
0.5133379820578309
0.5130335856292596
0.5147992246524536
0.51650099814738
0.5153341193861768
0.5154418901607482
0.5165205752568695
0.5162912537955358
0.5138890798546232
0.5151547911737753
0.515170829364531
0.515308810978334
0.5149135035527062
0.5155482464942367
0.5190323705355658
0.5176924904334806
0.5192231788326308
0.518143686141336
0.5190089053353544
0.5167103379047382
0.5148138214136542
0.5136433562941736
0.5157387353624451
0.5155892403688057
0.5133091160841637
0.5133081356103996
0.5130205139569785
0.5094595003651137
0.5118130491506656
0.5106727725849562
0.5091288807243486
0.505686981672982
0.5050169446226677
0.5032431838443705
0.5022454050006643
0.4997758066295679
0.49980191364644805
0.5005546807427627
0.5010145976380591
0.5019501926922465
0.500026491838272
0.5008668008030726
0.5017382076918387
0.501998898861174
0.5048873727199632
0.5042353827235034
0.5040064726734063
0.5058091543217931
0.505659435254547
0.5046373638526365
0.5065832155372252
0.5056020193360126
0.5057146131203694
0.5056329385667003
0.5051850917842308
0.5032567144866851
0.5032053183615091
0.5032252335813368
0.504392872354775
0.5022273512368914
0.502653719944407
0.5052962690944216
0.5053093600062291
0.5036361974950301
0.5035531214366137
0.5053903734244554
0.5036418690517456
0.5032641959289876
0.5039257072873142
0.5054158944273872
0.5053868994455105
0.5072557014740942
0.505340349463868
0.5063755383438524
0.5060491477342299
0.505287055688829
0.5059997488977122
0.5061697798957969
0.5049082357642355
0.503735591592561
0.5060131623623707
0.5052346662138568
0.505415834990767
0.5040042304362381
0.5023638416946018
0.5000206113241316
0.5004802789208781
0.4996167189045796
0.5001032065381457
0.5003579899222922
0.49813961375908555
0.4982973922791335
0.49783335383792776
0.4982982942544672
0.4985008857292172
0.49840855158934694
0.49871191091713096
0.49836488195417855
0.49733701453199103
0.4982846907255148
0.4972362200932775
0.49620846026858884
0.49490212784495635
0.4960545133044114
0.49649874047667875
0.49533262566880204
0.4946519935155467
0.49515091712770604
0.49658278167039427
0.49637878664399343
0.4965757611406448
0.496971302284962
0.4969424920382329
0.4972824826347078
0.4973115052848903
0.49806827918241536
0.49775380348556175
0.49716180758276324
0.49570761001593433
0.4969572878306589
0.49815019527925386
0.49852592447639454
0.4963651874806336
0.495733283801884
0.49654577967230096
0.49621408070578726
0.4963089800647234
0.49670352241070875
0.49402254912195126
0.494762178965641
0.4971387838536198
0.4988414714788572
0.49984594152588113
0.5010858716234193
0.5020692562130084
0.5042724081146167
0.5049131178511312
0.5039515433887172
0.5020012870929792
0.5030932730418123
0.5041822614044092
0.5032203609674781
0.5023886357859109
0.5035629185792604
0.5023480278876773
0.5035255244137269
0.5026034621530667
0.5004624178414973
0.4986132374245485
0.4988744920532241
0.49707515400680824
0.4985570750787191
0.49722569784133647
0.4965061139164493
0.4965644263709706
0.4973914161001634
0.49632198897927693
0.4947737516262183
0.4955036889220152
0.4963792674767476
0.495820111038097
0.495428880611833
0.49431239353248313
0.4953794114427398
0.49451952949736366
0.4931129539855874
0.4939091246997014
0.49517395373120743
0.4952241491559204
0.49322594995173247
0.49317980265567507
0.4921307052857199
0.4938453632827987
0.49307695949217867
0.49304971438105405
0.49177061546404777
0.4908396667891639
0.4888512396808868
0.4892087718932025
0.4888988827981606
0.48629080349711207
0.4892983465395935
0.4901842632766713
0.49105811688753226
0.49071983312600026
0.4898044091197801
0.48951047173564755
0.49216947263173944
0.49105594453512014
0.4906491059475164
0.4905250020694829
0.4908817602066437
0.4893175463365854
0.49012514898336706
0.48984108591101394
0.4904437795700002
0.48917999960304376
0.4892831442185743
0.49025821836411865
0.4911180817749792
0.49217796090098376
0.4921486272417394
0.491445918632471
0.48834893242026106
0.4863810642678816
0.48768430336704766
0.4871257176424927
0.4875963640588413
0.4859891814137353
0.48530333377606893
0.4853499923872055
0.48515286553778963
0.4844342711817343
0.48407712525264635
0.48063557004142493
0.4793165413121755
0.47806650809195267
0.47935343623425825
0.47964258617617583
0.4791069878374875
0.4781535445652844
0.47877251563748247
0.479218861205283
0.478841031185258
0.4781819714207841
0.47922785411905766
0.4784715112579275
0.47871790806138925
0.4789471381581853
0.4782821494578123
0.4767750330864108
0.47479530040076107
0.4755941034709099
0.4748569184610135
0.4765027313351331
0.4755380569267175
0.474914166512279
0.47358602144737477
0.4740784011336793
0.4741342970287514
0.4740981388117561
0.4757243475316052
0.4766236191198109
0.4750331480662554
0.47515580407734326
0.47405312032627656
0.4735746117344917
0.47508656394248033
0.4765996112050112
0.4759544193677892
0.4762199573095996
0.4747459702481745
0.47582906438856365
0.4748673338345249
0.47529438300626703
0.4752795273342858
0.47541489349150595
0.4761008364987475
0.4751522685040965
0.47490543201114654
0.4737031437860571
0.4723303217830815
0.4734443961559121
0.47441121276365983
0.47831461393951313
0.4788896847610328
0.47885086058092297
0.47746991283558343
0.47681306469333085
0.47645848542849495
0.47610272461204345
0.47591223670069
0.47377709826504083
0.4740501275950186
0.47524972480455224
0.47710332464144417
0.4773260944811957
0.4783923705171127
0.47836102648950074
0.4795269877983672
0.4808709352845248
0.47967305330748
0.4792894076500355
0.4801677577313603
0.4803421221945714
0.48158731870630234
0.4818602377839242
0.48010099940811457
0.48057105294548286
0.4805440178616072
0.48067188991963655
0.48033741472539565
0.48119859716595564
0.48254316468296315
0.48384328728271925
0.48526784373971865
0.4872718264721068
0.48717878135063863
0.4867699268981841
0.48504516526597613
0.4848694522207378
0.4857518061791438
0.4859040163833773
0.48781465571559934
0.4884493048637738
0.490433421113515
0.49062492987461787
0.4910917324621713
0.49093186692991414
0.48977521274747055
0.48953071645208185
0.49054365014028606
0.48966845850322294
0.48921914993422577
0.4892773203739049
0.4905493096236111
0.49012924478399195
0.4888283343195522
0.48857605403117305
0.48994835419837074
0.49088772253890306
0.49359883140492217
0.4951793075447813
0.4964757281952605
0.4963868713018628
0.4939572250460552
0.4948295550183339
0.4969464511220296
0.49858423929024326
0.49866146699786434
0.49921989345026063
0.49925691356506796
0.5000572711742166
0.4988673606419857
0.4979035486122712
0.4972445119204727
0.4962841242625561
0.49730031103576805
0.497366343271149
0.49488916337208566
0.4961840854079182
0.4963275018498727
0.49589147411889406
0.4978278872757273
0.4984234724219169
0.5003623202030513
0.5015371851076885
0.5012921873598895
0.5020802397264267
0.5019871045454717
0.5015504913067383
0.5022151662801843
0.5024378620985833
0.5032525104621052
0.5028663701005102
0.5022014948058934
0.5021900517347493
0.5023648312381654
0.5011320761426786
0.5011130950402878
0.5014113114463418
0.5005949948583741
0.5005039612201795
0.4985787456425186
0.49539398326894907
0.494990916549399
0.49404474655654257
0.4942347108794116
0.4948779358648224
0.49693023638734696
0.49825845083394005
0.49850092269053653
0.49894028489349884
0.49881124617039646
0.49674056611877104
0.49559901143926416
0.4949618835797394
0.49555775956554776
0.4970145384171076
0.49727257846049366
0.4974667552659057
0.4976189092741323
0.4963616538690466
0.4959778210146692
0.49689888904861734
0.4963161620689964
0.496427622830081
0.4950756575284444
0.4953373384135656
0.49545908873274996
0.49596640766868433
0.49776563453976935
0.49873632202055374
0.49567371305847396
0.4947470981815734
0.49265075632042454
0.49227378647140085
0.49367669997964475
0.4943779935120743
0.4945038666082364
0.49401756931936497
0.4944656606313474
0.49644227516159184
0.49643202035149736
0.49628109764247497
0.4930638371313727
0.4939983947167502
0.49204767960973045
0.4918831657733827
0.49467593226375617
0.49390963444665
0.4939619671620127
0.49340344753905474
0.4949731682206721
0.4986072179571203
0.4989077053708128
0.499828233135532
0.5009795401070335
0.5002364446893561
0.500600636008776
0.5008216877496221
0.49806788259340146
0.4962099967020652
0.49627426810804054
0.49785554220830747
0.49876741125761365
0.4979779503974393
0.4967192377684927
0.495733292031564
0.49677122773853327
0.49594006644604655
0.49603318176908506
0.493661387168222
0.4939782513447602
0.4936815601432306
0.4939529049811938
0.4939572553294726
0.49606598869795265
0.4952627593394031
0.4952529231968368
0.49322522274246344
0.49172395547900094
0.4929941295669418
0.4920042118722172
0.49272856420530103
0.49202707846827726
0.49244848934663976
0.4912333885693196
0.49000895808605177
0.4898073129283289
0.48968971955329016
0.49093827865448053
0.48897881141115923
0.48925455508835336
0.48911627384988365
0.4900210726194043
0.4920551310765915
0.4928548537230246
0.4933282967548577
0.49347000843819494
0.49461215769250705
0.49565425404151886
0.49387816445548244
0.4949120291436651
0.4941373003775505
0.4948133494217113
0.49518060857268287
0.497695747387544
0.4984312927514476
0.4976078701259615
0.4958003846032923
0.4966032699098827
0.49672570377230857
0.4975987462744163
0.4980572116191421
0.498513015111524
0.4992698167921702
0.4996892775513131
0.5003011739703852
0.4993517430639072
0.4999392776388638
0.4990169159555035
0.49885177430738104
0.5004637622943852
0.49901012242624554
0.4984095084739306
0.49868657064933225
0.499362906646233
0.49836258201603206
0.4985892514667531
0.501679220232502
0.49927532329687585
0.4971712232010311
0.4962683531595603
0.49520985091115854
0.495940600816387
0.494582627223266
0.49291284942418423
0.49192116296848604
0.49255532585837897
0.4925873799062553
0.49233028702356074
0.4909721955235829
0.4893720900018833
0.48955297203903164
0.4913498846321389
0.4923206374693492
0.4928594005690108
0.49364220629735106
0.49222354887542447
0.49446866516204824
0.4920947682880771
0.4934643340375057
0.4918079004656641
0.48849158415885297
0.48684640977411076
0.4861788654198882
0.4847540425927574
0.48503943396335486
0.48315095636006566
0.48299298995185747
0.48358399506386235
0.48573504573063553
0.48568815606659166
0.4837233079857524
0.48446140969227836
0.4846325542362325
0.48325058637875157
0.4834308192106443
0.48286130287204365
0.48295408749403296
0.48347393150556206
0.48402870895110567
0.48447745958003885
0.48664869499838936
0.4856234818530974
0.48664111032443896
0.4858745375961942
0.4870862753891212
0.48791384169903224
0.48805269056360295
0.48901045490116546
0.48734578972720644
0.4851002815895143
0.48504181197229906
0.4842904913817558
0.4833863715439673
0.48487716163061356
0.48571187876313004
0.4868445479021035
0.48746811942293067
0.4856921775532345
0.48698141269407264
0.48550774643234185
0.48560785132648554
0.48630429582548784
0.4850491252957231
0.4837914030896733
0.48580476935541433
0.48631093445228174
0.4871767619463538
0.4867633570697538
0.4883190730697431
0.4881644872595341
0.48827254734347064
0.489015217939113
0.48862612812425144
0.48608596589334263
0.483943659337938
0.48371931606206686
0.4836073587783656
0.48335784885165545
0.4847180438262398
0.4835081278733186
0.48312735613201796
0.48338096598815156
0.4825517852247662
0.4818163875906433
0.4803766011832164
0.4789121872561384
0.47776890215913925
0.4778200618800621
0.47910716751349125
0.4774077306367485
0.47749811321905083
0.4800976173854272
0.4799552660964093
0.47967432244590996
0.479928644857027
0.47995323965817116
0.47712713448062405
0.4782422164810265
0.47852146066217083
0.48023953959065296
0.48124903027027516
0.4798633362972623
0.4802107110480028
0.4803133490282029
0.4804983429620952
0.4820802614330855
0.4825142743233639
0.4823784195301764
0.48345217563702164
0.4856363242536522
0.485729564174745
0.484020556081289
0.48277197866142835
0.5236536862947325
0.5235961889110314
0.5236416648209531
0.5236719962318995
0.5236434068861964
0.5237152960754035
0.5237359233265405
0.5237409591458133
0.5237429068456264
0.5237212817693006
0.5237351022681954
0.5237278021273808
0.5236776824413352
0.5236686066637741
0.5236936358103483
0.5237278740691038
0.5236871040046682
0.5237006076102689
0.5237145539632682
0.5237001353881391
0.5236574964636412
0.5236522999420352
0.5236408152447151
0.523671473745836
0.5236846021850662
0.5236971030999977
0.5237173779765519
0.523670960227993
0.5236936460058549
0.5236305241074107
0.523642946987973
0.5236543326801885
0.5236009548539077
0.5235295144062225
0.5235474285806027
0.5234955939641531
0.5234766800909842
0.5234812579837905
0.5234782456627024
0.5234971262167258
0.5234308684402098
0.5233925297578378
0.5234211527343156
0.523373453562156
0.5233817211739878
0.5233282052370909
0.5232788189501121
0.5232729189463369
0.5232496192008136
0.5232382533604686
0.5232829378632337
0.5232436414266886
0.5232236939197975
0.5232130637258476
0.5231954320445139
0.5232047750489706
0.5231995168382669
0.5231552535587817
0.5231052949595347
0.5230706729641121
0.5230152504938772
0.5229987870882857
0.5229771766189999
0.5229111879117315
0.5228639131718553
0.522861673297979
0.5229222466036816
0.5229522351523286
0.5229268831604347
0.5229101974701016
0.5229594881245034
0.5228996956800243
0.5228960766324393
0.5228852386876854
0.5228272639116972
0.5227945595989671
0.5228455005659502
0.5229231492504837
0.5229166718119777
0.5228660744335332
0.5228957722935503
0.5228625850664507
0.5227929962218625
0.522777831116334
0.5227959564111812
0.5228547740581926
0.5227919092898161
0.522786573203789
0.5228474949183026
0.522864139660842
0.522889130845669
0.5228795323858486
0.5228321825576786
0.522870530434515
0.52286736982458
0.5228081765629055
0.5227909764738453
0.522726320886613
0.5227277081020996
0.5227174374140628
0.500118573356953
0.4999924513775474
0.4984034731028413
0.4968233340854012
0.4975961872467395
0.4947435260556993
0.4930081619286436
0.491854050001326
0.4906422032066151
0.4906133202741678
0.4901769910078558
0.4897525850925193
0.4909461457485411
0.4904149095116665
0.49043689865554085
0.4898159370313458
0.490355200935227
0.48997593932232314
0.4884203110194687
0.48833079880035724
0.4901774137586053
0.49051265882605927
0.49044818527804135
0.49024281372896666
0.4896696103033499
0.4893730529820493
0.4883195776503714
0.490119917927248
0.4886642154035167
0.488624066324018
0.48938241196190563
0.48793435548478337
0.48855740402264614
0.49045419653156586
0.4891618569847727
0.4894499998192194
0.491616638138436
0.49017119785586344
0.48877399332873117
0.4874663684106985
0.48842703764577455
0.48865930629256477
0.4882773596699171
0.4883099006644311
0.4888522034841604
0.4888845652634013
0.4894812570573974
0.4908009597643982
0.48991646442603676
0.4887912451564905
0.4870302583681523
0.4877010235688092
0.4878682417573784
0.48830589076580827
0.4889092949541133
0.4886070674479131
0.48717139493837586
0.4872939931618276
0.48779056170271057
0.4886349312041165
0.48879322770917255
0.4886015601369184
0.4892385652412139
0.49060014186767126
0.4935714705177219
0.4918809816201211
0.4909478736569198
0.4886874259210808
0.48922086251765334
0.4886545017345678
0.4877162498339117
0.48826696883121096
0.48840608348143955
0.4889925459528288
0.49058595499757746
0.4916549923650818
0.49125238740241955
0.4891085278248886
0.488152583840953
0.48890020677017476
0.4877901725600089
0.4881402314994632
0.4890610193167148
0.4907630507994657
0.4889231527331436
0.48779276663488036
0.4898900774857102
0.48907684883781644
0.4866392915922447
0.48713619733810676
0.48765657181875943
0.4879949199191902
0.48917383158794225
0.4889196078759276
0.4877630938494736
0.4899043299733156
0.49042776014847755
0.49150369960293266
0.49182740983857637
0.4921722226926898
0.4931673937529569
0.49385618555659716
0.4948265053587692
0.49663054550106145
0.4962071856276696
0.4968024381922976
0.49841346207104736
0.4987510661252558
0.498773461723953
0.4983939425811852
0.4987172173219527
0.4996551545134315
0.4981938685209222
0.498657044903705
0.4977825879500295
0.4972565824934485
0.49809781623913146
0.4973631372703671
0.49802010376569883
0.49702013475852125
0.49503334881745764
0.493817914870006
0.4938236016379172
0.49422207070353474
0.49330338281246355
0.4922244050260398
0.49350759747912337
0.4933310058465778
0.493124946682135
0.49362559361626546
0.49321304025468565
0.4946744946822689
0.49566322183996947
0.4941446438754181
0.4938138922901291
0.49509326878460386
0.4924524010650269
0.4938012576092224
0.4957902507461272
0.4964958067254742
0.49684543705767276
0.4965718530067894
0.4957084975223989
0.49675349179000156
0.49452628258011827
0.49466418072364954
0.4939326237516874
0.49263341995822174
0.4932609161035169
0.4935643874179164
0.49425669775599923
0.4947180027386024
0.49449273845051683
0.49457633155417385
0.4965315592463928
0.4955171713693937
0.4983172611911309
0.5004200782934558
0.5008282857917518
0.5031803305050269
0.5054747421213966
0.5049165034885604
0.5033619508268707
0.5055343797714548
0.5034464332151672
0.5043604988885108
0.5051458585268802
0.5073952723245818
0.5078908775828623
0.5080091263249567
0.5091238122473511
0.5100531174776229
0.5095519070544253
0.5092657537256103
0.5098210592798068
0.5097941918715303
0.5096030832939747
0.5099507043272148
0.5101493913364774
0.5104800669176102
0.5111752358121566
0.5110901691637924
0.510302593642014
0.5081916011155598
0.5086917492327997
0.5076507996941894
0.5070062716139266
0.5068990728345573
0.5086434466715016
0.5071925103177669
0.5063579634751458
0.5056536422577523
0.5052876155083155
0.5045451065118859
0.5053331730092494
0.5035278758438619
0.502422487609288
0.5049776784396789
0.5049032992313078
0.5050384336364121
0.5044788776720381
0.5045524477321154
0.5039351668416426
0.5042094313080873
0.503874560149788
0.5046778789212665
0.5044208008844079
0.5057754399297198
0.5076934099646883
0.5084970828604581
0.5093651396171847
0.511202931223638
0.5140073993238647
0.5149904569098027
0.5139370791978127
0.5136382185468742
0.5127114225488342
0.5139377318999465
0.5141749198854045
0.5147035343865408
0.5146286823708732
0.5152496942716764
0.5140409625205852
0.5121570349402417
0.5137872210737874
0.5148584944412203
0.5135275420962631
0.512106405469964
0.5146076109105743
0.5141764262542846
0.515318107856964
0.5155475579615502
0.5159220212891151
0.5159772440745429
0.5180611048346194
0.5197413909571583
0.5196584370819872
0.5191908984433067
0.5192788157694225
0.5196957786130789
0.5197767468437923
0.5208579263519529
0.5209126104142187
0.5216195063157898
0.52360559859998
0.5241356032083994
0.5248934857128498
0.5239866224101156
0.5240717176585472
0.5251644943555225
0.5237300883243186
0.5237464142757658
0.5232472780959101
0.5221541393344268
0.5211427395982641
0.521026006376051
0.5196325358238073
0.5172129390714695
0.5169449200840567
0.5135257385074138
0.5125852027054766
0.5128738778229751
0.5149672600875135
0.5114948088188648
0.5113671177642509
0.5109223980108958
0.5084309932837502
0.5074285711304016
0.5059498705058573
0.5061742247232438
0.504920725668081
0.5042566870152404
0.5049251712625008
0.504037466435684
0.503169342053099
0.5010601260712585
0.4998336850322812
0.49861558259556127
0.49925390370847617
0.5001076042594146
0.4994181934289246
0.4990499767098472
0.49985884984566675
0.5001009797779126
0.4998062712918867
0.500827143042187
0.49991490578896763
0.5009660771640083
0.500799990653439
0.5016888307399795
0.5001852891313443
0.5008408879578
0.5017247134205007
0.5020203357725765
0.5025293088792275
0.5028026956312265
0.502461263252952
0.4995033568706082
0.49894880602590974
0.4983806007666031
0.4987678916444372
0.4989991747616156
0.4985609662041567
0.4973059361624568
0.4975146662363051
0.49702539133603074
0.49541719012735036
0.4962990633879228
0.4966969640951879
0.4956245643433054
0.4943820268082408
0.4917833059907366
0.4901116752234659
0.48874949761841036
0.49018640260752705
0.4911620697550637
0.4911430636358155
0.4905315626245217
0.4920817607513125
0.49324949780473587
0.49313630141383563
0.4928568366596201
0.4960200182126042
0.49843743325944323
0.4979823423925234
0.49799499481414444
0.49929249588725516
0.5000470140713406
0.4979624521204978
0.4981606439023309
0.49608118215140995
0.4941263541773114
0.49242122774198926
0.49402717307689253
0.49255088484168347
0.4896412463046436
0.48922632029116436
0.4890309400278279
0.48882274133149756
0.487634558917814
0.4865461552777867
0.4850424232956291
0.48627847769103566
0.48570708364178716
0.48495789011676044
0.4860567835925827
0.485247713132644
0.48643556032259616
0.4865036090023079
0.48818529570546604
0.48957925507106914
0.48837190499961486
0.48814980431714494
0.48929337842831777
0.48788589262500354
0.4886423011972367
0.48737011108851336
0.48772164316568933
0.48785294090949277
0.4877464613038487
0.48602032630280484
0.4875680515799484
0.48598544847614983
0.48674897431648495
0.48722627331128116
0.48863751536546984
0.4897829688197678
0.4915695275388088
0.49181979221034244
0.49190341446890323
0.4922391898090874
0.4929571215592283
0.4914655708999481
0.4930519493311995
0.49268514390206436
0.49445838373472223
0.49390700991918807
0.4954094099604655
0.49532094621579176
0.493256119080054
0.4962099175631001
0.49657663789383255
0.496329711574648
0.49542585268163464
0.4972782337543454
0.4962816602562199
0.4956458125758829
0.49543629917149035
0.4947775974044214
0.49264935800557075
0.4944114985558524
0.4938013311920454
0.4928063468358904
0.49295190570574243
0.4922282062088448
0.4932890777896858
0.49579817430929857
0.49849759953157924
0.4972247803108203
0.49616095390179493
0.4966503306621036
0.4987700064619581
0.500432247164434
0.501762439852627
0.5013716223730631
0.5025284293333777
0.5026313624054399
0.49940665482977686
0.49881922804809087
0.4985319107842482
0.4993224385135987
0.4992572311184657
0.4982240714063026
0.4974185177467747
0.49588881735404805
0.4946540099338444
0.49606213958890355
0.4949891260023709
0.4923864140954651
0.4928494419066693
0.4942130234793982
0.4946028571947405
0.4929510147946756
0.4912215482944737
0.4904371072856536
0.48876198342296623
0.4872060665187206
0.48810453804195364
0.4893928564870517
0.4891638701062444
0.48968775766108713
0.4906265630105882
0.4938467678252487
0.49265326750386756
0.49332905293640744
0.49299510100771515
0.4939881995127782
0.49331962582631156
0.49150494023537766
0.4909103037577713
0.49285533272951804
0.49435727163471216
0.4932582423695377
0.4921778116961207
0.49103724399376003
0.48875767055429653
0.4907168587880757
0.48981839591102905
0.48905441655921855
0.48610781710139933
0.4847431036372949
0.4847652500658242
0.4842855681532894
0.4823892608874963
0.4824152963373978
0.48316050603934824
0.4846491266515731
0.48580908624584823
0.4846962582273892
0.48459333241239194
0.4855063725670702
0.484149213703282
0.4879542465593722
0.4870970696751128
0.48762097853817166
0.4883183745311844
0.4891420052375092
0.4866559666107911
0.4886826438095268
0.48760980967137324
0.4863412915855418
0.48600452129442134
0.48656757052156074
0.4844802138024073
0.48461571704943857
0.4840718491156334
0.4840071733193455
0.48408520619844575
0.48370897075496194
0.4856662607106048
0.4854092118023862
0.48458162669381544
0.484871469272266
0.486659547373405
0.4859547738572736
0.4857104009403022
0.48618921224794326
0.4882477426146938
0.48715334456749615
0.48882699630523463
0.4870250651900448
0.4868945577966096
0.4872651140148711
0.4868673807898675
0.48727033273574877
0.48710445280834125
0.4846105160813501
0.4819010797603368
0.4835983378366941
0.48310005987716614
0.48297191759054237
0.4800809546524142
0.47764584922281744
0.4764406243418031
0.47718887401407273
0.4750684549102766
0.4756909190135746
0.4763289063400205
0.4750851253039379
0.47653090785835767
0.47626223956937
0.4775962248218331
0.47827660759308654
0.4796900321391
0.4813539174755159
0.4812036835749526
0.4790115350066024
0.4805614103099054
0.4801978058961079
0.47818711144049425
0.47644128770098065
0.47677284650927687
0.4767513095244334
0.47555803161966215
0.4763956959438048
0.4775561896425021
0.4793704580067608
0.4788301920984189
0.477972367320055
0.4793793101304148
0.47926010691745924
0.478507113511146
0.4779470835937138
0.47824062149476276
0.47928337391096887
0.4791282026519311
0.47849787834359714
0.4798691457929838
0.4818492550626712
0.4836012546065649
0.4813088064261276
0.47979045526102526
0.47960732549355534
0.48002296862736854
0.48111369898223977
0.48116320357918974
0.4788420427857914
0.4788194950790418
0.48128602463113473
0.482023628798297
0.4832672875980424
0.48427727619600325
0.48482273218852595
0.48568444641384134
0.4853754580552686
0.4848713438619308
0.48383366835808816
0.48579908386214504
0.48832733075732265
0.489252292078043
0.4889350504908265
0.49040510688704486
0.4880764136462368
0.4895005513042823
0.4882355885753967
0.4861474885264175
0.4838669493527922
0.4841986662593251
0.48272493247432957
0.48527825345833614
0.4847163860795595
0.4837869437527885
0.48382550242369793
0.4842185801227171
0.483317563165243
0.48251295353516327
0.48492175496879647
0.4831944932309731
0.48351521236240835
0.48372002639906997
0.48080371776747577
0.48242268461227317
0.4815660713756293
0.4805322492552034
0.48095838076241926
0.48274074963003266
0.48311666602903464
0.48129046553598065
0.48218644135134914
0.48201906214705625
0.4837262881236692
0.4840620199327292
0.4844252177274004
0.4838293672541716
0.48347559068434337
0.48162518852095565
0.48201857754158595
0.4812243950423822
0.4796245384213364
0.48304356012282407
0.4832415637621299
0.4844907992103692
0.4865832598836267
0.4855359604526454
0.4848042070395648
0.48688836163801996
0.48725718444848204
0.4870526654239349
0.4862778579500381
0.48640589628958764
0.4860323547009552
0.4852940235595252
0.48586987461656966
0.48556177465098566
0.4839517029189709
0.4851571930267851
0.4862361886503471
0.4861785204768334
0.48815914417335826
0.4878115438337248
0.48807489626062067
0.4865058237335769
0.48496697322921606
0.4852872555861514
0.4836882143706978
0.48282233648376194
0.4815659225472774
0.48159349925901634
0.4819610299213891
0.4836111781825366
0.4822051768545613
0.4831539799416108
0.48046751747077565
0.480093103692942
0.4783383400470475
0.47969066665915494
0.480524150872341
0.48007168907640263
0.4787444462180585
0.4775847603486011
0.4783674244543088
0.4779931978757789
0.47829284171601877
0.47919507417133755
0.47809887257490224
0.4787952556604601
0.47888049455817155
0.4782177980779825
0.47661486526658536
0.4756255306927681
0.4756657326648534
0.47479462722769566
0.4769734527344833
0.4776215393074464
0.47717242981618563
0.4768451104001004
0.4776861009029945
0.4760418675507031
0.4750349708830422
0.47535393958110655
0.4761475129931799
0.47552030520292754
0.4746328177958972
0.47414867187120513
0.47368680694520376
0.4756361731289979
0.47728445578145184
0.4768367165653173
0.47708615912767677
0.475031058138767
0.47564202266653166
0.4766889693442317
0.4766754146380018
0.4784620810359553
0.47898527430640775
0.4808175092799706
0.4794751831680984
0.48010734876272454
0.4786587940535702
0.47828797306046156
0.4789054996903392
0.47913526603737916
0.48288392612076847
0.4826780733366833
0.4806558970041639
0.4790016881484981
0.4792105410967131
0.478082343537608
0.4769271087794692
0.47668230735849837
0.47557232482543577
0.4754147361240908
0.475736068355548
0.4767965098097378
0.4758656226981983
0.47692445026334795
0.47661704309903313
0.47857637845092765
0.47966557161634205
0.47900652803954036
0.47965341744164613
0.48041413170319003
0.47836872753727333
0.47808255983311854
0.4787597208010125
0.4785429813129951
0.478093895012586
0.4776589781467459
0.4778244457262874
0.4777172085870114
0.4772104371507804
0.4778873655065394
0.4784410918250188
0.4799884989876502
0.48226117042198263
0.480812469330814
0.4797990591339459
0.47902640508908123
0.47764360884742624
0.4792031096055825
0.4800486681588223
0.4820534979544517
0.48307811624669694
0.4859330267182908
0.48733428583043403
0.48953658739695377
0.48844580178041286
0.4883566361901351
0.48816206525990496
0.4870864808300172
0.4868013315160764
0.4858741983897953
0.4851910740528707
0.48482769442905166
0.48413514576725547
0.48268313783113903
0.4824949452733795
0.4830621842787206
0.48322445194868135
0.4852951098324486
0.4872268332403113
0.4885347037473998
0.4874105848024018
0.48621942674714946
0.4877937844366194
0.4898402337213114
0.4911568394944684
0.49232381998608055
0.4935721449919914
0.49324923645401997
0.4936654563554098
0.4930600507431806
0.49169161461412264
0.49115459916373005
0.4907875998899596
0.49108742463517474
0.48997857149736435
0.4880468584006762
0.48878133316708955
0.48977058660107486
0.4890013778763679
0.4888343706183937
0.4881805063615481
0.48791696487469155
0.4887749084818021
0.4871782348301093
0.48771966823210033
0.4876715293379669
0.4865904506084197
0.48830219475872505
0.48989481329476503
0.49001860991674273
0.49144867317914165
0.4908638865025688
0.49142138347617836
0.4904019048016947
0.49002596518520875
0.49004120753517716
0.49075158823532616
0.48880535392670543
0.4886036262508264
0.4875165161046122
0.4848603332816434
0.48542503376997354
0.48590905339851775
0.48566696228041695
0.48710990694823614
0.48876733846685705
0.4904350351239796
0.49099843652951947
0.4914308345371219
0.4906888250240849
0.48933455971907514
0.4905516702524784
0.49188246696321847
0.49161827982147477
0.4928860169990358
0.49300602674876104
0.4921260004433769
0.4908470100162662
0.49080124351433824
0.4901040711948109
0.4912640143470648
0.4909711023717513
0.49050983117132857
0.4895260712037862
0.4898313391444244
0.49009339778489613
0.49051083188643135
0.4909553631899382
0.49118596212211474
0.48972929817402544
0.48846054943651657
0.4857589453513597
0.4839479575047659
0.48422525842189607
0.4851165186680593
0.48534148853690406
0.4856751531124226
0.4862567288127834
0.48752478838238616
0.48750390892569784
0.4879216420247625
0.48599924249318
0.48569756973047196
0.48382630800556015
0.4839330577922494
0.4844771444108311
0.48449419801416843
0.48382296220480137
0.48397143987572117
0.4845821326149662
0.48756527336340943
0.48951955422374666
0.49063870456825837
0.4908869861694243
0.4897337791466093
0.4900030183074246
0.49023025301227835
0.4877038871722328
0.4854716995516416
0.4854293589260431
0.4867384733315325
0.4870373166295838
0.48572684465876415
0.4840655127351119
0.4834293241892139
0.48367982228238693
0.4832682592889927
0.48356236374112915
0.48230490781281
0.4829937388364061
0.4829131863530455
0.48372556540040207
0.48335562838500307
0.48367111409554375
0.4837208814769852
0.4834146032118561
0.48191422757208985
0.47953003925214127
0.4809260965011541
0.4817370792292077
0.4832055650407264
0.48341108099907504
0.48219502375966317
0.4829490258023862
0.4817471701781257
0.48133662418087014
0.4819601413079726
0.48148353684124934
0.4796201567661057
0.4795915453908306
0.47837986051498294
0.4781132391581213
0.4792763628904847
0.4816667385655512
0.48084732250911594
0.4803438668951092
0.4808677322692234
0.48214368182247225
0.48171924021276397
0.48297656748125034
0.48167726047223375
0.48182536743765425
0.48288066716454847
0.48556177694555075
0.4843922324219072
0.4848743297113265
0.48489100678208286
0.48440064273317396
0.4836094693397395
0.4847400130286637
0.4842706084952764
0.4816623193033687
0.4820675379296835
0.48384736588304256
0.4857251395265196
0.4851723439113061
0.48756088413779947
0.48692638378070663
0.4856983933165735
0.4865237976268256
0.4855806148857873
0.48563760020074753
0.4858967265661257
0.4856281279561212
0.48491868343798494
0.4851856514194863
0.48794903295459835
0.4868895784098898
0.4857696742823173
0.4847733273836262
0.48386528776119453
0.4852182069249941
0.4846373297612379
0.4846535229071241
0.48375572726311133
0.4839643557098468
0.48395856269806026
0.4829051287967019
0.4805357450309857
0.4785460121801185
0.47715250208350385
0.4762440501742119
0.47752420354969294
0.47795026254646555
0.47894183619028474
0.4783887679733468
0.4792956503980453
0.47757811481510715
0.477398771343943
0.4768566642346078
0.47536550025624785
0.47371857138603035
0.4727586313128112
0.4725194238168745
0.473310937609355
0.4715624129091536
0.471285321629005
0.4715752752207711
0.4740002935714474
0.474803532645061
0.47351127407290255
0.4727751969952683
0.4729242304344924
0.47208709507217256
0.47267117514817436
0.4715809535719634
0.47116781174554945
0.47195061311154035
0.4724947100763044
0.4722111417714075
0.4727401501833482
0.47173770651586167
0.4721271972387725
0.472766924368885
0.4741309835064355
0.47460300017513435
0.47524706384996224
0.47587882711893925
0.47437064984329247
0.4725407973667569
0.47461206370022047
0.47510526168957745
0.4763655941716983
0.47779450831936693
0.47932668455523486
0.47997018501944827
0.4810452333781404
0.47923623207455707
0.47956516048120024
0.4778275098886543
0.47702448976137346
0.47813697806712496
0.47701288191433405
0.47419745699821997
0.47644774179388
0.4774717310837462
0.478869327764062
0.4779586098035135
0.4780515658515463
0.47682130897145664
0.47784986971364496
0.47669635821721024
0.47541130472100607
0.47246630553857094
0.4711868418114589
0.4702337017160829
0.46956137023439537
0.46996441922999166
0.4701212781387661
0.46946030543791445
0.46932830148496174
0.4699974947196305
0.4688543305210567
0.4674592188992046
0.46526734786674034
0.46359962544834976
0.4625165038073321
0.46273547313186775
0.4629470697899691
0.46165241502757437
0.46134899390484824
0.46226328300273667
0.46256385827539875
0.46260007139739295
0.46283453874379205
0.46306045821964903
0.4605455846632572
0.460720215082554
0.46175694946626455
0.46354345356479887
0.46437422875179635
0.4631215179232471
0.4647516753886751
0.4647562697568054
0.46460444123194355
0.46503820161411874
0.4648528962034375
0.46634338319240165
0.46882222207174984
0.47169431256045485
0.4725465663792706
0.47344366132705135
0.4725614228922715
