0.6841953794498586
0.6868323718794069
0.6875997853493567
0.6780122149737795
0.660227463623311
0.6517239810267476
0.6396580380864505
0.6494493904326593
0.6676496903087962
0.6569531075468175
0.667464272881096
0.6706014561348033
0.6613896690697104
0.6600588027446159
0.662891766645268
0.6564063199385469
0.6516171292143647
0.6513641761540147
0.6459771970256901
0.6426570891344874
0.6440315293755864
0.6404235795039216
0.6366935586640947
0.6388386859137505
0.6380659518730943
0.633456884566847
0.6350920035746327
0.6323486036428211
0.6298224542623608
0.6314803681056809
0.630212651941877
0.62774747093127
0.6291718906242694
0.6273885938495349
0.6256922574826073
0.6274267738708367
0.6255671711476531
0.6239405705598535
0.6254087427163092
0.624239965948377
0.6226854655798955
0.6240764059088603
0.6225311116323926
0.6210483138488369
0.6224402712761858
0.6211964584084989
0.6211914919231407
0.6222759374309828
0.6213624298998981
0.6205374074989404
0.6215413571916226
0.620144720827369
0.6191929175790308
0.6208912168046911
0.6200416710589122
0.6227591972992205
0.6252382502691377
0.6232631343778785
0.6212580007237992
0.6221596825373789
0.6212155272641646
0.6202662473519475
0.6212497825130189
0.6204312852490514
0.6195082548474815
0.6205505651218793
0.6197052345947582
0.6189890862686511
0.6199010703647844
0.6190692912158453
0.6182757872664522
0.6191747610978829
0.6184464266757329
0.6176721550771201
0.6186191819054117
0.6178821383094744
0.6171589127903475
0.6179847813397421
0.6172180362555807
0.6165641317779083
0.6173573578330512
0.616560711019777
0.6166120059616931
0.6158955911841785
0.6152308078520534
0.6146642213356474
0.6153087986470969
0.6147374244541084
0.614255084366004
0.6149058408864567
0.6143629578309536
0.6138311987279103
0.6146033885579644
0.6141722351501796
0.6134933024137765
0.6151355159385753
0.6145606402627012
0.6139158030312446
0.6144642213713769
0.6140147433950013
0.6139421683914935
0.6121651351682027
0.6107638729102007
0.6097963431160818
0.6108071406054048
0.6102920389493923
0.6116884665060653
0.6107121831480541
0.6082728578695845
0.6082007236162055
0.6073826689968856
0.6059571487187427
0.6060587248459086
0.6062185533405677
0.6049548427620564
0.6049523287848994
0.6058197857191061
0.6049798130386272
0.6048001767892031
0.6058197304727578
0.6048279715113319
0.6047626121321922
0.60609551609693
0.6056112324142502
0.6046985657852431
0.6080582527978535
0.6068684641063914
0.6069255998479375
0.6082030808486859
0.6069918662625298
0.6065980139230555
0.6078045966159177
0.6067981278332204
0.6067911089173132
0.6076521808825724
0.6081175916207688
0.6077937699367403
0.6094448547320449
0.608264832219997
0.6082488188620001
0.6093173932648979
0.6082821040204894
0.6086285166316897
0.609669848524003
0.608610136590088
0.6095426498541808
0.6091374569780401
0.608050605590473
0.6074574332753871
0.6073769829037486
0.6066583015885264
0.6066028444771348
0.6062817971925107
0.6050033375653778
0.6049617228261363
0.6041582043343902
0.6022870704880894
0.6027121198007905
0.6044037164584173
0.6044293728391128
0.6042347934135311
0.6053326460324244
0.6042094998184164
0.604233099417741
0.6061346457247498
0.6048105053911416
0.6048462051409501
0.6059436190965719
0.6048062804676407
0.6051956944207506
0.6062937827302389
0.6051148043151175
0.6050899636549156
0.6061189099043454
0.6046975129734121
0.604833263629644
0.6056908740907396
0.604413323285836
0.6042925174599522
0.6053973886193675
0.6046971363366546
0.6057018634035846
0.606120537687492
0.6058680335606383
0.605825829071402
0.6064893781348352
0.6051387765777774
0.6051089855753701
0.6056812331196493
0.6051316209409764
0.6050535426037811
0.6061902965052581
0.6051872412652329
0.6052117578393297
0.6064023995147799
0.6045975806661077
0.6045615343156662
0.6059314868755119
0.6049995421028527
0.6047640691427618
0.6045608882076258
0.605057071704827
0.6049944900354732
0.6060227084886225
0.60461334781138
0.6049134444860045
0.6045361008018887
0.604732708680405
0.6043029420782494
0.6047984587276393
0.6035140227379484
0.6034995112776984
0.6046759911334607
0.6035980753024258
0.6033503588404092
0.6042102020396771
0.6030908627321798
0.60265972771763
0.604273883054492
0.602953481608353
0.6026456030633898
0.6038434566866768
0.6020978183335123
0.6009809174980428
0.6019249243656043
0.6018310953609353
0.6014656526954201
0.6028178054578781
0.6015028164174633
0.6012000427124445
0.6019573204769947
0.6011791062736285
0.6019530629064779
0.6028788218883581
0.6021742307478011
0.6001584327216176
0.6021553415765206
0.6007926611207282
0.6007921316318027
0.601832940866541
0.6008522261041744
0.6006598943886288
0.6015215075248219
0.6005746439945185
0.6002954820814334
0.6010667619617035
0.6007560735909575
0.6007699981696305
0.6027893465968259
0.6028174970232338
0.6020933247832251
0.6037649779044639
0.6039403601210783
0.6037096914742355
0.6048797879939785
0.6036929763406095
0.6035157160328846
0.6045794493068617
0.6034563094640845
0.6023602431997385
0.6036580379381359
0.6026008401160176
0.6024030282624007
0.6032424590826014
0.6014062118231476
0.6013298819371834
0.6023289873760028
0.601175433636795
0.6012759250694402
0.6018342922440466
0.6005206723046189
0.6005088740773715
0.6019141475518817
0.6007466546692883
0.6008087250136861
0.6044799624708704
0.604498444457518
0.6045329676540838
0.6056947766287801
0.6046352412472769
0.6041722957285326
0.6043156642342244
0.6036547405214593
0.6050190054209533
0.6061581513055614
0.6055913275328775
0.6059385318645014
0.6067803700800255
0.6063525794099693
0.6056966362967352
0.6066979190413897
0.6055869577665041
0.6053047137074544
0.6063990850005774
0.6054779162988057
0.605305187079467
0.6064889063837424
0.6052579353893321
0.6051312618916731
0.6064566786691333
0.605545442737387
0.6053237759775907
0.6066146106725282
0.6055869114292041
0.6056554930768112
0.6064419409164374
0.6059187689742666
0.6048681109507832
0.6062952754010237
0.6060056226150902
0.6061846824794522
0.6073043600621668
0.6061963141688833
0.6060880840347121
0.6073561244900343
0.6066635913769786
0.6067072934230182
0.6080608094192563
0.6068533355096296
0.6065152266709336
0.6078333968407822
0.6058866882139058
0.6065814222238738
0.6081212261666782
0.6075607479358951
0.6048091327230045
0.6062485897683392
0.6052332585312439
0.6051187971887769
0.60646131842062
0.6068861006383216
0.6064997124306774
0.6071174152245338
0.6064660333887207
0.6060812929542433
0.6074332820281353
0.6057812064569866
0.6054422075247863
0.6064121804232451
0.6057823372899399
0.6055475477203541
0.6067688037146273
0.6057141486880793
0.605597897995998
0.6067161357865093
0.6051289745355762
0.6050820509288143
0.6062379710989974
0.6046765327984969
0.6049582278670231
0.6066203948426349
0.6051290138004041
0.6053949190618323
0.6065508924261387
0.6053424091102195
0.6057479654207287
0.6058326581634068
0.6048667863748532
0.6050608689952587
0.6061452582421613
0.6045969062445434
0.6045361782712546
0.6065848244150658
0.6056016083731129
0.6055432808742338
0.6068603956428478
0.605374536279034
0.6051771143774036
0.6062053735869625
0.6051675809174439
0.6054177016313941
0.6063843511302698
0.6050226637905394
0.6050884374870233
0.606447987577789
0.6026260482107556
0.6017212488100742
0.6027972887507537
0.6017333601113574
0.6027673396495217
0.6028951311818778
0.6024727147899616
0.6022735658332272
0.6022399591111803
0.6014091700487841
0.6016343041976294
0.6024973853260842
0.6015834912290177
0.6013807728887037
0.6026448678698887
0.6014784723897467
0.602060232713601
0.602705297674729
0.6013972107493499
0.6011049706495653
0.6022986745786102
0.6015660700132692
0.6014512794393284
0.6025521474488975
0.6013231114394263
0.6009502992729847
0.6024212821294221
0.6013053406671282
0.6013324893838716
0.6025542895196263
0.6014780381556848
0.6007210493100682
0.602430320338212
0.6012054879558546
0.6016821636226483
0.6026748612971133
0.6017952111798448
0.6026157052367698
0.6039044745504694
0.6028935463672156
0.6027673911766908
0.6041275776263036
0.6030605482936069
0.6028610741036473
0.6046302867198784
0.6036748467078579
0.6044128778383951
0.6063503593704316
0.605177246571433
0.6050215951986235
0.606114976786734
0.6051159838403171
0.6047275397484058
0.6060865830985471
0.6050766792075656
0.6040084852546626
0.6051800031996022
0.6042130085229322
0.6039544143720607
0.6052487290245034
0.6047304163203064
0.6047458159740883
0.6058676126802436
0.6049137363370254
0.6043484777681205
0.6057275385048961
0.6045775207283073
0.6049453677153624
0.6062070089936589
0.6052237840117612
0.6050073954116817
0.6063536551048817
0.6053190480167335
0.6053911387266503
0.6060530924722669
0.6047383081798533
0.6048284578862205
0.6066505664735189
0.6055326439389266
0.6054747928531963
0.6060522040162227
0.6059590827702016
0.6058855068513143
0.6067840524526824
0.6056638491965276
0.6060487544031592
0.6073396805787848
0.6054701291574525
0.6055027698483727
0.6059128293449596
0.60470298446137
0.6060971922781431
0.6069528467991182
0.6049481310386366
0.6050123273097796
0.606173234751018
0.6054231050363339
0.6054599451969224
0.6064333352300664
0.6052080840800179
0.6057045289661995
0.606627698060115
0.6058813170021576
0.6059558885511288
0.6060233079866506
0.6059610769980467
0.6053480267097179
0.6062685076865807
0.6051595326355227
0.6053185244394553
0.6053602400544402
0.6044497539842091
0.6045310921377135
0.6055409685372769
0.6043270736327202
0.6045468803012302
0.6048948041501825
0.6042794375241488
0.6041650471070887
0.6054442814911306
0.6038056485975066
0.6030472356553621
0.6040608483014545
0.6029406965379561
0.6039734837678835
0.604797291927711
0.6035377232136286
0.6034657408345231
0.604898390820335
0.6039069652735148
0.602794382024979
0.6038737393627032
0.6021008030866426
0.6034387584913012
0.6024444709743523
0.6014550603936598
0.6013805765882924
0.6017153126098301
0.6005749102148286
0.6003954366283116
0.6015878044519353
0.6002711210006944
0.6004591368921155
0.6017855444772193
0.6001032792609836
0.6000177532409794
0.6012269310502688
0.5990536709543606
0.5990414725513111
0.6003356791608772
0.600360235455371
0.5998431425289802
0.6011383749155363
0.60041910074936
0.6006368322389719
0.6017888462565117
0.6007627491639714
0.6001182884718554
0.6012717079274268
0.6002555232912692
0.5996952310783624
0.6008534133287056
0.5996971615895542
0.5997560948754644
0.6008902495924747
0.599693264515726
0.599621614667548
0.600286495067541
0.5991499508980791
0.599410571829746
0.6007450661349847
0.5994875204156473
0.5993866330768927
0.6005749816382693
0.5995794150847771
0.5996188472694055
0.6006457893352388
0.5986835980474917
0.5985298250320739
0.5997816621963733
0.598835014707112
0.5989405846401268
0.6001101089378919
0.599043301352021
0.598853165736249
0.599886506134985
0.5989328945926977
0.5992028616963695
0.6005949981773187
0.600358284898823
0.6003759810386374
0.6003949000211241
0.5997916458277697
0.600542544541824
0.6014637901919666
0.6006093773847371
0.5991805591398357
0.6005352977451183
0.5997201195442619
0.5994669740262959
0.5999164867578946
0.5991157236885696
0.5988213016413533
0.600263124071053
0.5991396493772387
0.5991027307485743
0.6006023967912488
0.5995989528193437
0.600023761134741
0.6003340353692618
0.5999351078224745
0.5998083277886126
0.6007314756388401
0.5997567753274069
0.599738088646252
0.6009451919485682
0.6000982277077421
0.6001409934278709
0.6014689164599594
0.6003066236891307
0.6006974852862962
0.6022008241674547
0.6012498610279869
0.6012157498186658
0.6013262994894293
0.6008917549506553
0.6009087792438939
0.6020032733198941
0.6006299035028302
0.5999322118436737
0.6019846957170121
0.6011443709615052
0.6014373275530306
0.6014313558481373
0.6015418688923676
0.6015599109060051
0.6024934519412009
0.6018490185345218
0.602041995126802
0.6029491165970701
0.6023231880027864
0.603192295245999
0.6031525263362455
0.6022423174056927
0.6026362237975502
0.6036614006274673
0.602481537169006
0.6037502082721132
0.6049148449341035
0.6049603509212524
0.6034320306615785
0.6050332695878545
0.6038363599882142
0.6033368008101883
0.6044861293071662
0.6031542551074517
0.6029416785643322
0.604240975070728
0.6031631324985023
0.6030025621376894
0.6042864610035944
0.6031737604246065
0.6032669119531376
0.6043710872617767
0.6033234964745819
0.604404185549903
0.6072731285298532
0.6062119943836656
0.6062295220619023
0.6068628360654971
0.6055839871197469
0.6056656516851293
0.6067747891298705
0.6054965010590356
0.6053712536810406
0.6064767552057079
0.6053750730724398
0.6055791751932617
0.6067711137295152
0.6055380095056119
0.6052155944546754
0.6056282194491511
0.6045214076356096
0.6045629879617221
0.6058454678711752
0.6050010761259199
0.6047157927090214
0.6054912998827638
0.604021624813793
0.6039059524123057
0.6048771858714163
0.6037868206793203
0.6044500128396458
0.6071304987256323
0.6067427166981346
0.6062678310495503
0.6086765067776418
0.6076287266024945
0.6074993793083459
0.6089107544036517
0.6077918224536195
0.6078859289377284
0.6090071900637622
0.6075959312132196
0.6079303700665902
0.6071966597613294
0.6059122593768924
0.6064184747465282
0.6070682529426701
0.6063834287393322
0.6065804554901066
0.6076613142505995
0.6066818830893141
0.6061245357214067
0.6081858950863142
0.6069338885800724
0.6067080092917793
0.6076457045472954
0.6066805400196214
0.6065436665229842
0.6074677186762009
0.6064233814640096
0.6065120037923583
0.6075840496910137
0.6063656659635135
0.6058834610683056
0.6068047308275191
0.6058128367840846
0.6056168910934551
0.6073494772552516
0.6065033594400685
0.6067284672482611
0.6075163513911022
0.6066500837019078
0.6070035242433697
0.6078578639922457
0.606759638207657
0.6058302147432291
0.6070546821612324
0.6056862002521258
0.6036444503445669
0.603319029321058
0.603351797603771
0.6030016922943005
0.6035763417165113
0.6024352015571897
0.6020726904028911
0.6016769431798792
0.6002440470008482
0.598855469299298
0.6002688797646079
0.599385330880525
0.5986801667879001
0.6002379608687459
0.5988959750549433
0.5985796954492241
0.5995777527499544
0.5989060888702731
0.5982610777103061
0.5995754384563858
0.5987259540753664
0.5998927151065668
0.6002624395124094
0.5992224052115849
0.5989385114460852
0.5983787122725817
0.5956887879322241
0.5970985569471101
0.5978570514918772
0.5965405175631399
0.5966410219669914
0.5978415067694103
0.5969899811708513
0.5967397202879638
0.5980071332252513
0.5970218157598915
0.5969276786102788
0.5996810422799166
0.5986167738218909
0.5985342299806132
0.5997275075817097
0.5992677027156702
0.5991626204106278
0.6003131691812097
0.599296964802847
0.5990298270700393
0.600402892368318
0.5993050399333331
0.5992656137425788
0.6004581960406921
0.5995747034425869
0.59966954303513
0.5999979846816818
0.5984509593448297
0.5979909054529855
0.5986927749867589
0.5975539540179922
0.5970308322354025
0.5973672368986942
0.5960949660135296
0.5963271380809204
0.5971913158738488
0.5968010199429721
0.5970290867262442
0.5975810629592679
0.5986217548471626
0.5983135969857782
0.5989868488503776
0.5975269860081464
0.5971747426786252
0.5982343376418726
0.5974893298350354
0.5974209884528271
0.598728898141741
0.5964802228056756
0.5963565440103306
0.5974336023320638
0.5961354487801662
0.5959157209191867
0.5971365715928273
0.5961387980823504
0.5965759581895624
0.5975510469469318
0.5965834559745913
0.59689564060557
0.5982140303394191
0.5973208301685582
0.5973983356713911
0.5986159245900161
0.5972298261339684
0.5971484376731216
0.5976580485061213
0.5974600962166814
0.5971957967291244
0.5982245403764427
0.5970286865396913
0.5970125354396892
0.5987034805669762
0.5974135600979733
0.5978340149020722
0.6004767270770186
0.5993431093717528
0.5999119213476893
0.6007368803461934
0.6005604761877134
0.6004310545974327
0.6019142283847235
0.6005254422039205
0.6007661673667716
0.6018686061635061
0.6006798002250772
0.6003729282791062
0.6020535236501408
0.6006238772942288
0.6006277348065897
0.602092891625325
0.601238506233913
0.6007511566904062
0.6021738692358549
0.6008099544782671
0.6005601945235571
0.6000550714943402
0.5996892632751646
0.5996254980049305
0.600784463567344
0.6008995010599495
0.6001044832855783
0.5995474121292755
0.5985703354994595
0.5991895585771596
0.6001501795528419
0.5992516868376275
0.5991369592304491
0.5999630246110275
0.5986958649616891
0.5985838102354233
0.5998589703097906
0.5969133860476246
0.597029970010887
0.5979118853605379
0.5972242343400226
0.5971598841253607
0.5983599457653755
0.597018187688213
0.5968116499272622
0.5978388743061402
0.5967273629975578
0.5967314654270865
0.5979899052680924
0.5971344420037433
0.5964927196441873
0.597268938188778
0.596206200148935
0.5952905419019983
0.596222396096473
0.5955044575223747
0.5952707264906528
0.5966997846057683
0.5959731084699038
0.5962373696693065
0.5971426944895978
0.596243493000088
0.5956368767973109
0.5968340477336764
0.5961973037192521
0.596432251000732
0.596599046663998
0.5953230630644181
0.5956081211121205
0.597024553592481
0.5960700516483989
0.5956023547440066
0.5958781437943813
0.5950865519492357
0.5951897002473571
0.5963907856128888
0.5954998108570728
0.5957737493162293
0.5969147424390535
0.5961973226699642
0.5960356901889088
0.5961946970656313
0.5950078326865937
0.5952366823678037
0.5959652530486541
0.5950652397837576
0.5949590915598741
0.5948551427252763
0.5944550855617854
0.5949335217716798
0.5957450060741143
0.5952032464095686
0.5947197352993049
0.5957947252582176
0.594876253053272
0.595420057796101
0.5964405676654839
0.5951988768128522
0.5952269276030622
0.596468534338888
0.5951579411083462
0.5957652614760446
0.59609742558146
0.5952662859313863
0.5946499087743333
0.595649294866332
0.5943835354905755
0.59486761469871
0.596399258326752
0.5955504455174107
0.5954277887095799
0.5965487837080482
0.5953779099054084
0.5951884921750885
0.5960024400615128
0.5950219567688472
0.5948744862262834
0.5957277656531814
0.5945383817368363
0.5955946436707502
0.5960868806884764
0.5944457452430667
0.5947644356876133
0.5970734046661113
0.5958704589675136
0.5954149148223962
0.597585361066
0.5973795632715757
0.5976473338123791
0.5981429347419378
0.59728794386142
0.5966779816901616
0.5972473214700725
0.5973455826956254
0.5968979337353788
0.5977242517326704
0.5970919910053596
0.5977221529103108
0.6003835951663141
0.5997788582593706
0.5996086938187536
0.6009312382627263
0.6001590077598568
0.5999339071540629
0.60122007956311
0.6001194935973306
0.599808845670536
0.6010330529635007
0.5997958488860831
0.5998745610731955
0.6008117261514794
0.6001617763388558
0.6002491487434978
0.6012626487162069
0.6003089017832712
0.6010302161133356
0.6013018574495068
0.6000380643228151
0.600565160648974
0.6016229684271408
0.6007794273159716
0.6019676178654921
0.6022936165633922
0.6007438606221911
0.6005441084049474
0.6011323831822347
0.600985809824141
0.6015004577758993
0.6029137606045175
0.6019411950934752
0.6016659789713159
0.6031167682526047
0.6029510514451244
0.6028146674705823
0.6040441797345322
0.602967955324052
0.6040545006271831
0.6053908387046818
0.6042700210401838
0.6039159407384558
0.6051626761844284
0.6048691372837665
0.6047681907452975
0.6057432329388645
0.6048232976201142
0.6047891257637893
0.605995274559224
0.6059079288519663
0.6056103576587833
0.6067947741970603
0.6059851746941642
0.6069225897728121
0.6081516591571209
0.6070439718227888
0.6065682083896033
0.6072420364034068
0.6062550109880006
0.6061360069463995
0.6071011296425121
0.6059681566182598
0.606284457876212
0.6071803971287781
0.6064760719694458
0.6064682832565892
0.6078227881520963
0.6070172421447464
0.6073085723338862
0.608795051581251
0.6070214679489687
0.6061235628581201
0.6072191186375289
0.6062304924946935
0.6062110559413397
0.6071047441505084
0.6062305197128758
0.6063610641640217
0.6075058705225348
0.6069600309045358
0.6071458916795944
0.6073016901460954
0.6067275388559247
0.6076532773927622
0.6084674925121839
0.6058269034304238
0.6067429818899448
0.6073944394131167
0.6058245663353264
0.6052009300824489
0.6059653540926593
0.6053358280298244
0.6046793162974552
0.60570136320616
0.6052172669788686
0.6043321280462605
0.6059364992259132
0.6052660669416249
0.6047144673134495
0.6052057525031295
0.6024626096807658
0.6024057567002389
0.6032308961568014
0.6015984246028657
0.6012472881606088
0.6042060575298656
0.6031140122708846
0.6029558018178947
0.6048552114690966
0.6040470493560176
0.6038741304051581
0.6042211493380052
0.603848274632212
0.6037084614273607
0.603713192459184
0.6028817738650228
0.60264272592505
0.6032929133679112
0.6027669901631676
0.6029753615454346
0.6044403027305145
0.602967395685291
0.6026255447531905
0.6018682708351994
0.6014301808072162
0.6017247011478448
0.6012947929301776
0.6004497485213018
0.6011598518452068
0.6017353402439582
0.600274032159113
0.6009077481342557
0.6017205034126376
0.6004921840340313
0.6002541726485852
0.601258023257207
0.6002369291149593
0.6004575951482694
0.598806448271211
0.5983177088172404
0.5980062717011612
0.5992289340552973
0.5990169495418327
0.5981997081068936
0.5992937712492403
0.5980986139626419
0.597452434869126
0.5984622723741669
0.5971752097247505
0.5970933388363078
0.5975593348334353
0.5958554844362026
0.5955128140238366
0.5955042802033724
0.5942470612420976
0.5939284796941906
0.5947172595023
0.59399593193303
0.5935767588800779
0.5943691828396851
0.594477457985084
0.5945551518922136
0.5951031289213726
0.5947187972636379
0.5943484427023014
0.5956181467957823
0.594419412973959
0.5954108087092034
0.5951014756245211
0.5937604102073035
0.5938652844928871
0.59604258186273
0.5955766557520676
0.5953291585109015
0.5958415138819229
0.5950147956996988
0.5950031276719139
0.5960344869532281
0.595128285737227
0.5947046470011393
0.596615794246809
0.5955742287231641
0.5965564170596318
0.5980932462048643
0.5972742827699806
0.5977900747294919
0.5982260281952599
0.5975102290046206
0.597584207720017
0.5986738369062213
0.5978316840780217
0.597923700236665
0.5994789582560249
0.5987734474787784
0.5984678964937706
0.599731252582793
0.5986411858077385
0.5983341686387569
0.5995375356915393
0.5982501709765929
0.5981555301621844
0.5992944695455943
0.5994057004946186
0.6000115509973584
0.6018338730412579
0.5992671053840058
0.6003039492525226
0.6017419793046386
0.5997174880845827
0.5988982161908374
0.599984401918014
0.5998145517939167
0.599466482293154
0.6002458400550765
0.5998987873917296
0.5994973876426074
0.6006113186857536
0.5993749556607816
0.5991386039530027
0.5999535728459542
0.5985964339364038
0.5998974970267873
0.6007626521494265
0.5999380897738389
0.5996847305390042
0.6006277654501057
0.6012884949296049
0.6008679624214764
0.6007593270772918
0.5999482846177009
0.600300967816875
0.6002089646212997
0.5989599341892728
0.599384558448908
0.6005287158484542
0.5995533288427507
0.5998096775601403
0.6006280881572925
0.6010559206067387
0.6006776454650661
0.6022369578235073
0.6011505197379176
0.6004024337134929
0.6020995097855042
0.6012410457256943
0.600703951733685
0.6023659570068798
0.6014336124034805
0.6017638119598684
0.6039785741857766
0.603291240125495
0.6035132229381404
0.6048840774752985
0.6036249161406222
0.6037187502183672
0.6051817247384399
0.6045826681410611
0.604087273164362
0.6055914077893586
0.604841197996699
0.6041243917123809
0.6040853093305286
0.603222411460198
0.6033914516929082
0.6043308707476063
0.6029700120170677
0.6030123991459144
0.6030412840062005
0.6030619459968826
0.6028858243236366
0.6039234625766877
0.6023913046918347
0.6016927386220738
0.6029271208240697
0.6026219103446651
0.6028865554876853
0.6038320300109455
0.6026968001196795
0.6027083804091969
0.6034364826602991
0.6015987000645004
0.6013267770353999
0.6009542431291638
0.599065201659044
0.5978566760524651
0.5981889802973633
0.5978049499453936
0.5978283499558223
0.5991782465742221
0.5986982370653655
0.598834962610798
0.6000170574691002
0.5989499615899848
0.5989512693299713
0.6000488171765437
0.599774752610274
0.599172971316523
0.6001495558366193
0.5992587397195716
0.5992276722325525
0.6003121575462422
0.5992690161998852
0.5979747136175446
0.5986711276754098
0.5967351399858714
0.5971008004514866
0.5986331326264049
0.5975167307593958
0.597020880596041
0.5975555054447097
0.597155661407227
0.5969779913936168
0.5984478894827414
0.5976085369970974
0.5985878124221593
0.5997051012226526
0.5986839779855947
0.5986588046632824
0.6004487215000565
0.5993640194569231
0.5991330177751225
0.5992237397320944
0.5986371896075263
0.5988995227389051
0.6001450973105933
0.5989790778026906
0.5986187306069533
0.5999617797494254
0.5995220442216056
0.599338792312074
0.6002842176460599
0.5995126702389038
0.600329111854504
0.6010848418546513
0.6018479199895463
0.6016317257781458
0.6026014727929045
0.6033722649382618
0.6035557803711157
0.6036138101977506
0.6023030982838339
0.6021868160077705
0.6032782655083823
0.6020714462177954
0.6020035204929663
0.6037256590104723
0.6026626428721951
0.6023043841461455
0.6034803204851886
0.6015165860546041
0.6014086625704198
0.6026313304255801
0.6015620106737707
0.6016847616733919
0.6027175053498456
0.6016579313173502
0.6017442172252574
0.6030610984262386
0.6019406792057594
0.6019727471963289
0.6026889180284101
0.6025714003798477
0.6028359717547377
0.6034780947101868
0.602711549797672
0.6028164314252824
0.6039683671434746
0.6029640297522935
0.6031114262546077
0.6044476438537707
0.6034671949715031
0.6036499876840062
0.6052297789579374
0.6042478109200878
0.6040298340875306
0.6050093723826501
0.6040830175423375
0.6047198542627126
0.6051259342415353
0.6044484192048634
0.6057207150740462
0.6063276765975185
0.6056186085201101
0.605950291356751
0.6079765515185499
0.607377781346424
0.6066744742274358
0.6076577580647547
0.6063058968587592
0.6054999813202021
0.6065742896915174
0.6052905338129074
0.6051838775599563
0.6064012669759823
0.6052903665066957
0.6045960081136136
0.6062771069444944
0.6064408149530809
0.605932659071066
0.6070593817477947
0.6060532567828352
0.6058303077924664
0.6063257709142617
0.6053892318828277
0.6054684343463039
0.6063453730294323
0.603660619289127
0.6038134256584821
0.6057747287147928
0.6057573906028588
0.6052846810105751
0.6058641519781494
0.6048535256243338
0.6050656993585654
0.6053176385918485
0.6043554439802977
0.6055787085619171
0.6056655350280888
0.6044902503987953
0.6046100879530973
0.6055963882138758
0.604332413467812
0.6044744065102439
0.6061446321373457
0.6051912140124044
0.6050129342888515
0.6061348145187874
0.6048606583019085
0.6047845284723398
0.6053789942631412
0.6039330410672282
0.6039636872212651
0.6048225042473225
0.6036684374657727
0.601900912741927
0.6032099495679272
0.6015174914283872
0.5997356453896057
0.6004814365258467
0.5998460833432593
0.5998581044030399
0.600742074815663
0.5997252270583077
0.5997178463201535
0.6005558437890473
0.5993077173552298
0.59977231010125
0.6010450871328369
0.5997368285189135
0.5998355699426051
0.5995069994013974
0.5980016618245328
0.598464044491434
0.599199307540736
0.5981841688775202
0.5977687437749428
0.5988161357646227
0.597593758108603
0.5978153485601067
0.5985842307353444
0.5972058296262817
0.5972423536587425
0.5981772098909793
0.5969972310437649
0.5960753352376874
0.5973341704341582
0.5961910072819685
0.5960500281722816
0.5968001712954506
0.5952452667229686
0.5951414088744156
0.5965155898366196
0.5948183794094455
0.5945184364876129
0.5962076183672721
0.5948283139928858
0.5947250135499952
0.5953821502102769
0.5942434851046905
0.5938647362170962
0.5935229806753903
0.5929023532194511
0.5943608245317253
0.5945145068048171
0.5932676102218791
0.592280409934663
0.592994875731223
0.592488998541482
0.591998569324771
0.5929496128337209
0.5912874567929082
0.5913412559710843
0.5920540019729039
0.591689175725622
0.5927317837726129
0.593130655810179
0.59194640532132
0.5905364398246451
0.5912134071066945
0.5897716445692704
0.5921157740263916
0.5928574702429592
0.5922862001698155
0.5919373508151657
0.5933679192853433
0.591944081795129
0.592318197316921
0.5927786295910072
0.5926059934076345
0.5922715438621595
0.5936358159848202
0.5925688661359281
0.5923094573950047
0.5933416772303635
0.592158054275226
0.593247033769714
0.5933654595526242
0.5933783267096301
0.5937337270785136
0.5944058979105734
0.5933706731337209
0.5934982454721112
0.5944855494540604
0.5927922074680549
0.5926652717019352
0.593929063083593
0.5929551819899908
0.5926667482625585
0.5938026246748247
0.5935305431971538
0.5938167562414011
0.5951996332576753
0.5937566917321333
0.5934974136986163
0.595108614420485
0.5939379362811859
0.5947775603685257
0.595814310473924
0.5952165262995542
0.5943153682819383
0.5953153120112387
0.5941482437017791
0.5944717030856372
0.5952638458663376
0.5944492020698723
0.5941444916212208
0.5948836059776851
0.593790149236324
0.5942296062989707
0.5938904763649897
0.5941443783263997
0.5942739248192971
0.5947712938797399
0.5944227156660502
0.5944815510914025
0.5953941301025063
0.5942360629389549
0.5939084837797391
0.5945495640657709
0.5936552986698083
0.5951765249431128
0.5963502898594821
0.5959229900870963
0.5972047614146478
0.5979317363070293
0.5973873953694605
0.5969772194731705
0.5982991029490359
0.5974759272905125
0.5984115432207315
0.6003153772971137
0.598778205038849
0.599104127845274
0.600443916855365
0.6007451005000715
0.6003877551868473
0.6017667141566218
0.6004346856542793
0.6010181974840151
0.6026370272261058
0.6018356739910105
0.6026913214064101
0.6022861010328198
0.602099762800676
0.6027702677843066
0.6048533367081378
0.6040877912304854
0.6034111015204214
0.6050327930768804
0.6041627495007595
0.6045091757156773
0.6089998987344399
0.6083918759571499
0.6081869101677985
0.6083044634923183
0.6077256826144684
0.6078339704945543
0.6093166016215362
0.6094365743415352
0.6099097314106668
0.6087277975412065
0.6079888922995056
0.6081143033332072
0.6096779157030414
0.6083456282461035
0.6084633072424227
0.6091758549427777
0.608671541245441
0.6073782258317793
0.6086847576197667
0.6084672867141522
0.6090522110830565
0.6101431271820246
0.6088828715711613
0.6091709250138599
0.6089639765900716
0.6077768030213554
0.6075612962239422
0.6085568002708199
0.6077342800921453
0.6077520914857292
0.6085589496182506
0.6068392716286922
0.6069025432519817
0.60852034571337
0.607635832269801
0.6073324413499711
0.608687311768375
0.6081336804768398
0.6074385197920469
0.6083278259776052
0.6069718910403232
0.609045551052515
0.6097214531764295
0.6083174042349654
0.6089773282583074
0.6096860814752934
0.6087767298961329
0.6085154777543647
0.610607593087358
0.60969085438735
0.6100640917575966
0.6106557811560446
0.6099235332126388
0.6098349479093966
0.6111747760906056
0.6100421944964783
0.6102690334155543
0.6098081655660053
0.6101203027665311
0.6101094210725008
0.6114193995452218
0.6107635412623756
0.6103871168923939
0.6115564877114729
0.6110918650642754
0.6111419019066691
0.6126862966449752
0.6124252396630453
0.6120662909201631
0.6112787767055614
0.6105683340094337
0.6094439306671735
0.6106929573566068
0.6099580270786649
0.6094076964264263
0.6109407333871464
0.6097212196299587
0.6098362291850695
0.6101934831611762
0.6086656132918269
0.608858608283255
0.6100179502358237
0.6090111979099889
0.6070937788661535
0.6086765380271779
0.607212426281641
0.6071564606875229
0.6079921873104142
0.606829793722008
0.6066208497016897
0.6072094460074257
0.6058986295506792
0.605637455979133
0.6056468850889869
0.6043741524358422
0.6044730089994234
0.6067352710057535
0.6052200617992022
0.6056295708976315
0.6070263274734148
0.6024809337829651
0.6029757364247265
0.6035737204286316
0.6027291168401362
0.604180897000099
0.6049448304959182
0.6035340251458016
0.6032658835728525
0.6028070806226036
0.6014540778081467
0.6016859064543832
0.6026158900172538
0.6014269488253232
0.6010576111724396
0.6021631480214348
0.6013676182141753
0.6009785911492319
0.602120615023227
0.6006919905942891
0.5993760475834428
0.6008222591290501
0.5998599143680459
0.6000985999473812
0.6007205792531838
0.5999936075940395
0.5990840575687472
0.5996090240330268
0.5987831130039813
0.5983868194152988
0.5991217204321329
0.5982228016050378
0.5984480128797073
0.5991064270292622
0.5976132013286888
0.5986633590038002
0.5994900029346679
0.598877831824077
0.5994270404052021
0.60020142228676
0.6007656230636126
0.6006356081832818
0.6005204122625398
0.6007248989564458
0.6002960006148542
0.6009550296637832
0.6001172381137173
0.6009878270380937
0.6022527624846071
0.6012765017693807
0.601413224482312
0.6025133951568684
0.6013870819404509
0.601190431609969
0.6025595664833578
0.6015482658048811
0.6015397097384821
0.6026550303836982
0.6026968964356292
0.6026334772575265
0.6039598541936889
0.6033170711100773
0.6031065099054164
0.604312264316473
0.6030072488587773
0.6028815265599449
0.6050328517692097
0.6038083619031746
0.6031932592782774
0.604855202929528
0.6043429344108635
0.6038626410378072
0.6056134408495187
0.6029629703269129
0.6038751896236529
0.6049691815697492
0.60385851061091
0.6038185985316071
0.6039096542591305
0.602948777030662
0.6027548419621634
0.6038858175521491
0.6033449586863178
0.6031826308399676
0.6045891104957432
0.6034994752221765
0.6036911576681856
0.6049895494717199
0.6041665999268977
0.6041469153927301
0.6055240015915149
0.60480029003219
0.6049826877371011
0.606370073122552
0.606421163624903
0.6066946581380297
0.60985063042818
0.6076613941377551
0.6080475217305151
0.6087563214388076
0.6074175585097512
0.6073757418146972
0.6079770190083057
0.607244600739475
0.6067357131338046
0.6064595491059854
0.6054681520622451
0.6062401705220462
0.6070636636662936
0.6077982847454366
0.6079106523675745
0.6086744735861613
0.6077765674390776
0.60751801069496
0.6089788887619602
0.6078403782128027
0.6073418440119768
0.6084734465443205
0.6072990598679406
0.6083674309505428
0.609320532526357
0.6065510615428044
0.6064401493045993
0.6066928724716809
0.606106387744279
0.6055759325386757
0.6069358912621929
0.6061262158815505
0.6069977289155186
0.6080185248317771
0.6077435904426359
0.6078473462682951
0.6091983783654507
0.6082181551536178
0.6082472786790025
0.6086717920784069
0.6077603543124722
0.6075106546405074
0.6068706768851141
0.6070366487149202
0.6053487202612494
0.6061397516511295
0.6042500835546455
0.6033390552200469
0.6055000034746583
0.6043353675670717
0.6059659725522395
0.6054052546045176
0.6038196364915938
0.6035840075520224
0.604126272158216
0.6036635776549553
0.6044013427361817
0.6048976629301993
0.6036449185191323
0.6037237417601456
0.6046829091998692
0.6028854521545169
0.6029168745869146
0.6033449028546543
0.6026930449108897
0.6017684161123299
0.6028271688516577
0.6020334813582857
0.6016059273905311
0.6030842888148515
0.6008038046834833
0.6006032126071552
0.6020238037673598
0.6011088709101966
0.6012277340715756
0.6011902808966011
0.5995835137087258
0.5992714564708826
0.6001348717593207
0.5989764663294406
0.5993344587673385
0.6000835508951406
0.5999691761908618
0.5997236635925899
0.6010443392166255
0.5996652030400609
0.5991985327238383
0.6005773688895633
0.5991125142429197
0.5988621930590718
0.6001324669098057
0.5990116766031262
0.5987728230866025
0.5995410095845368
0.5988176939493924
0.5980063161113405
0.5989119325800335
0.5974916626288076
0.5969591384053178
0.5979614497079396
0.5946445391130252
0.594519344717061
0.5955621960401019
0.5942637017365091
0.5941484405817407
0.5951094398378587
0.5941191246382534
0.5934238314868285
0.5944666795761802
0.5935129357209096
0.5933976500516378
0.5936663399191993
0.5929677179030373
0.5924607540960577
0.5937072854998974
0.5924504030235999
0.5916526546521265
0.5938066337276304
0.5931130637672757
0.5931583118212204
0.5943249012179337
0.5939496988865307
0.5950613974216334
0.5956167782262143
0.5948693779509243
0.5961500194485633
0.5977972395127255
0.5977682533989299
0.5976838158261498
0.5992368811491615
0.5991762516124082
0.5998781074050072
0.599467539744237
0.5990220483810511
0.5985787525378459
0.5995112707786885
0.5983941321159214
0.5985200007139301
0.5985470580097473
0.5967938499494572
0.5968972315856185
0.5975700816112516
0.596998295137695
0.5967749371953335
0.5979435178990539
0.5970588147413934
0.5971114917821244
0.5983898951253356
0.5962146573738796
0.5962253221778216
0.594957074763242
0.594551051824551
0.5950177900743183
0.5963708497607338
0.5956523262492562
0.5952204403104061
0.5954895706056358
0.5950221452465105
0.5944263770830936
0.5942264136770832
0.5936947613075882
0.5944013687803159
0.5956878998491123
0.5957083177041984
0.5949314653789797
0.59616848957966
0.5956136163037853
0.5957104650377957
0.5965894687169022
0.5955853690956505
0.5956840475609425
0.5969879107900635
0.5955902933986181
0.5951770902723162
0.5963224578640773
0.5959516626425831
0.5963636027239577
0.59794814139826
0.5971031543260291
0.5980616850766219
0.5977503203316687
0.5976132014958503
0.597865513371226
0.5993248172592154
0.597972262059811
0.5983606142600093
0.5994629537682307
0.5982404842618121
0.5983824684359571
0.5996657081767143
0.5984339331618852
0.5983183114065339
0.5997628773901716
0.5989201210753654
0.5985523637042272
0.5999457345190871
0.5990050097202267
0.59931113997018
0.6004732634923156
0.5991416809451274
0.5992812565423438
0.6005870449118959
0.5992155253584319
0.5996633926388502
0.6007564033322431
0.5998699347174417
0.5997851187769351
0.6011558911030009
0.600287438775918
0.6001167445325694
0.6016185411393863
0.6012633190398893
0.600736106654977
0.6021605140791135
0.6009136677043256
0.6011500633658329
0.602043487957301
0.6002678546923881
0.6000422536527149
0.6012405018863588
0.6001903544362555
0.5998442700039786
0.6001776496567642
0.5994140920603511
0.5998459099813097
0.5997622927151879
0.5982538351360762
0.5977926922670508
0.5991100259134161
0.5978260564149873
0.5974398196840167
0.598386124662206
0.5974432233213928
0.5972741737976807
0.5985468308623727
0.5975381673243455
0.5977269830641034
0.5990845907340998
0.5989398960420531
0.5990553103067726
0.60041995915082
0.5996280044042789
0.5996754552248366
0.5993025139548971
0.5985627069163967
0.6008421392694333
0.6014196939765506
0.6004183209297917
0.6007712884278833
0.6019573300032058
0.6013515410771777
0.602569983654907
0.6023711995789509
0.6012050586797077
0.601259831269688
0.60210023107801
0.6010925643517995
0.6014613832319887
0.603241106405181
0.6038664263338442
0.603435849796348
0.6044592433443474
0.6030718248460312
0.6025857483302238
0.6039024697098576
0.6036412902072784
0.6031285723779843
0.6038224620999231
0.6032734693993467
0.6027227140165388
0.6039915181248426
0.6034881156449987
0.602683097449365
0.6039527485908416
0.6027511971821238
0.6031641033361228
0.6042723165598676
0.6042800895821931
0.6034030515935241
0.6035683438673152
0.603482431800231
0.60284323370546
0.6034548390285079
0.6021404528395582
0.6020791844278784
0.6028639551404114
0.6015771918259881
0.6014333975554985
0.602612610042524
0.6017055892737414
0.6008698168665261
0.602061653196628
0.6009064987873998
0.6007935329462382
0.6017500172300388
0.6007288336758251
0.6007603581807244
0.6017678834909294
0.6005398182446202
0.600487027125304
0.6020055451392416
0.6012893213071594
0.6012234563169959
0.6020037538961008
0.6007257729868796
0.6010249208728594
0.6017920908723426
0.6007421175187488
0.6013903555111325
0.6029285304640731
0.6019176243724137
0.6013272137491946
0.6029018159357675
0.6016247162632419
0.6018638442850769
0.6032956172075551
0.6036514616774342
0.6039768559077798
0.6037510813488599
0.6025164388171006
0.6025985732926049
0.603673716343943
0.6024035280588471
0.6018369003512389
0.6026912983712197
0.6022819026008467
0.6022544563905926
0.603581592552751
0.6022059048707872
0.6022273143586264
0.6034517085074009
0.6023002023898703
0.602268559543476
0.6035237853746821
0.6023106577345427
0.6023226835618136
0.6034495731092124
0.6022120895898955
0.6022417359012254
0.6034179040831618
0.6022531149213788
0.6013475924860506
0.6025616365693888
0.6025852017051653
0.6024771643131052
0.6017432737451567
0.6011988794863209
0.6016937055184226
0.6028886261539871
0.6016951767773925
0.6016296554136485
0.6014785151755279
0.6015282051448742
0.601584166536787
0.6027517171294804
0.6016171049296095
0.6016181799697377
0.6024191646993843
0.6012679980958517
0.6014158051589054
0.6026813715611743
0.6015251006152188
0.6015325764242805
0.6025536087738061
0.6014678076154977
0.601326158351562
0.6025340502388863
0.6013139442403839
0.600707862189952
0.6020014527857004
0.6011220280759
0.6003468571739087
0.602359473661033
0.6007655482303843
0.600659996004474
0.6018374425270254
0.6005960340571833
0.5991807776201533
0.6013226916623151
0.6001000985033914
0.6000314043597055
0.6011098510694479
0.6000926143410121
0.6000885611662875
0.6007831541844578
0.60019003299011
0.600057981200514
0.601091107711945
0.5998314043100001
0.6008783200918983
0.6022725488420143
0.60091383810448
0.6016041333473371
0.6026093558950978
0.6013817713463552
0.6014368743625809
0.6024986134616297
0.6018145270853072
0.6017482218624844
0.6049088617811151
0.6025065570110546
0.6017798273744119
0.6032514005986316
0.6032387409666538
0.6036281928119851
0.6037873935794409
0.6027048451586676
0.6023168064037131
0.6038947935539537
0.6026373875502996
0.6032513559603195
0.6044375557188608
0.6031667068512528
0.6037528365269356
0.6041429694543777
0.60266431921004
0.6026776226900774
0.6023277772079131
0.6024331636821159
0.6032887535173669
0.6035211010100388
0.6023488954206954
0.6017067325466269
0.6028414902624221
0.601660859233296
0.601699770543795
0.6028956879362152
0.602253576295176
0.6022490346098214
0.6027853969068635
0.6014608184907518
0.6020191403681937
0.6025461423605453
0.6013022959635288
0.6013337176575946
0.6025895928696263
0.6014786824497205
0.601507632858065
0.6027028139158671
0.6015010002632007
0.6014949832486124
0.6035633229102266
0.6023889224062445
0.6035716773165029
0.603993154152166
0.6027741866495977
0.6027433235312734
0.6035901092411337
0.6023610979046676
0.6023776195063675
0.6036261977827772
0.6025109291799791
0.6024190095746008
0.603574343308497
0.6024147106395387
0.6024196964806159
0.603658143094418
0.6025172597463596
0.6024786270732251
0.6030491718590867
0.6012762883635656
0.6012876443211023
0.6025023826917785
0.6014807249324101
0.6014504019102901
0.602241176560169
0.6009135787827502
0.6008324402208881
0.602607821970308
0.6013623750053612
0.601217173469272
0.6026065701996156
0.6015462510694018
0.6018833737814268
0.6019331750016689
0.6007315618824302
0.6013369432019017
0.6014617767212281
0.6001876209746252
0.6006386123533809
0.6002411641400299
0.5992153259108304
0.5993446967325708
0.6005302016431371
0.5997185572928305
0.5986247919288382
0.5997848099022702
0.598674547812778
0.59896093890102
0.5991751981765295
0.598319173971727
0.598324811701731
0.5985604357669516
0.5976649379628296
0.5975955753407036
0.5986890265296195
0.5976916391455478
0.5971820752769432
0.5969421132300381
0.5939480224452134
0.5947532227169384
0.5959222883438057
0.5949645228743757
0.5949875698046561
0.5954127657712126
0.5956323250624584
0.596207630727652
0.5970598368637916
0.5945245569143306
0.5939112873891984
0.5943384805970823
