0.6841953794498586
0.6894693643089552
0.6891346122892562
0.6492495038470478
0.589088458221437
0.6092065680439301
0.5672623804446683
0.7179888568561206
0.8132520893178912
0.5606838626890088
0.7725759262238813
0.7051104719255835
0.5508482242885966
0.6427575405183865
0.7025532612543983
0.5591246193377307
0.5749900776274498
0.6470639741280649
0.549011572715848
0.5795750392016344
0.6715203341975676
0.5646566321989598
0.5546331001879033
0.6881766126558343
0.6195203348973468
0.5182302019106636
0.6776050977770623
0.5582768054839048
0.5590902716094744
0.6795598695619618
0.5921811670277594
0.5513268596024535
0.6747533208002494
0.5685398002832956
0.5680168210070666
0.6881348474588663
0.5586214731130459
0.5637563488112675
0.6811992846616277
0.5786576719990224
0.5605054508406313
0.6811049593964212
0.5576287520207488
0.5572880091559428
0.6836863980795402
0.5652248793625861
0.6209630335966668
0.6732448762995559
0.5775140684078343
0.580111309852012
0.6717388418257385
0.5489162662504361
0.569699148665441
0.7109010757646892
0.5741662007868459
0.7722231405161722
0.7640652165845075
0.5106815285761077
0.5049602487871967
0.6753589095385768
0.5645662108713098
0.562360172706707
0.6822289624994465
0.5688659576191023
0.5604343091470062
0.6883007329577323
0.5639134198047703
0.5710071484194731
0.6819159889018426
0.561676529939052
0.5627305108089314
0.6830019031294655
0.5660063482809335
0.5611503283783918
0.6886991671989737
0.5626038686141824
0.56219377333671
0.6815766596431226
0.5574119196909924
0.5649056780417844
0.6808154422444912
0.5520323191445664
0.6208181911988059
0.5564331646504616
0.5593890079535591
0.5665043674411265
0.6707424474317563
0.5650278696641148
0.5718091566128092
0.6728231712067585
0.5655034828356719
0.5654411203509596
0.6856448529229463
0.5740749682261909
0.5496736251918909
0.7711458007944524
0.5593725753787951
0.5513665915799484
0.6682092187043488
0.5695164237338188
0.6769378790990653
0.5117660419798846
0.5490083864890539
0.5524965244351601
0.6901682071537412
0.5576964024426809
0.7069051361119716
0.620360521054991
0.5693195614709424
0.5534704373511036
0.690770464291905
0.5625584441112819
0.5610058370051885
0.6587403899842984
0.5761822034032641
0.558873221622039
0.6617357710481201
0.5630667060801714
0.5310479477734237
0.6815304075571222
0.572344438054976
0.558120694284975
0.6879234966617022
0.6397482443878566
0.5282536719966322
0.8541989031716994
0.5586262286308424
0.5639903796385229
0.6868383716843001
0.558438410946366
0.5527959330803282
0.6719851288886726
0.5741064425305191
0.5678379086925872
0.6541240175329941
0.7346759212785042
0.5262393047101958
0.7288648283417303
0.5631970334568352
0.5770563361993234
0.6673628911304125
0.5775760349555823
0.5922700131407739
0.6614211983872604
0.5777152046880504
0.658476205771867
0.580443745982597
0.5645597375428387
0.518196836899256
0.5720662726881481
0.5998707103035145
0.5433705551112888
0.5375944202030278
0.5830551130514091
0.5700047268626848
0.691871291341569
0.5769518319544266
0.5531864598462076
0.674119914549874
0.6779245476081367
0.5451082683131314
0.6721454345960303
0.5699143410986429
0.5712259175515588
0.7505889398479023
0.5558866995968996
0.5674833947856294
0.6807485439816416
0.568182126008721
0.6006179252500318
0.67253934175776
0.565104061617328
0.563522282260749
0.6640449533213572
0.5465594741056561
0.5761789342373772
0.6479548194462796
0.5538215791527406
0.5453313371026164
0.675392793983338
0.6107902139731911
0.6525050258375636
0.6626856195895398
0.5311827519650946
0.5551685590299243
0.6328592737844414
0.5356822917259845
0.5620487694233901
0.629033911040734
0.6178619533394667
0.5576956491161398
0.6791165104986705
0.5853393289204284
0.576526625635864
0.6687377927369021
0.5906639159272354
0.5557679403346414
0.6883618475645327
0.5750147414384263
0.5459691277247368
0.6566197855854555
0.5613843917000025
0.542750219553676
0.6553183697500886
0.5492321394294833
0.5877060699051282
0.6691707677004026
0.6400213089066182
0.526342901255386
0.6030221022900918
0.5623268653228144
0.5611072980862873
0.6786538225814188
0.5509488068808049
0.5514105572016234
0.6448575415488172
0.54980184029839
0.5199532046252046
0.6924634814596179
0.5494902629432313
0.5415565835586381
0.6779060566136834
0.5133596613452502
0.5280581608409051
0.6226543587527681
0.8448160027047977
0.5220819620793251
0.6992056558843167
0.5553394676428173
0.5281610404444919
0.6285237095353425
0.5941637085520616
0.6515021058154697
0.6604138068805959
0.5836649034772892
0.5330961186601618
0.7259301902004957
0.5925967827624952
0.5631440845642882
0.6811372596731506
0.5692914148937582
0.5583428634010255
0.6784313267600962
0.5667348453569212
0.5497990133795313
0.7356041937988781
0.5493749089079906
0.5659521954101419
0.7201316796187934
0.5748813153289422
0.5274534863026393
0.7105358672351767
0.5551326418644622
0.5599882483671359
0.6870143788369724
0.5731901260046598
0.559225801181938
0.6595597872439346
0.5618059302721354
0.568317921173525
0.6748877421528763
0.5664256523841957
0.5501331557369635
0.655168999571636
0.5669642139025071
0.5482537110004808
0.667393938667563
0.5653931700608738
0.5782312692732375
0.6564546427106764
0.5411773478149832
0.5639242388925835
0.7040496297117602
0.5472956650620368
0.5527665085454254
0.943302679955811
0.6498030181110397
0.5572738988093174
0.661512234572234
0.5694392558330216
0.5644956620987663
0.6668418764067446
0.5965932483130226
0.6676092419144974
0.6690831474907236
0.5761768965160466
0.570402724888386
0.6462325909757966
0.5862548440351079
0.5522676420160538
0.6578239235815881
0.5680203830101049
0.5571149230154672
0.685963754948149
0.5766209225597314
0.5733909939933751
0.6741398707621952
0.5652647481234956
0.5623473916725245
0.6785108054707613
0.5654961924108101
0.5392177157203756
0.6718336890474383
0.5525484454176642
0.5560903041902054
0.666350853867752
0.6168535734833073
0.5349555065582889
0.6690593462794329
0.5740568236967424
0.5802328517590177
0.6730750563577435
0.5678492332530811
0.5401257934636857
0.6782146027338304
0.5756042302432577
0.5541720449023545
0.6553048042490133
0.5717160904969459
0.5156793790736276
0.6733736005435015
0.4832351939260407
0.5828330623420396
0.6820385551213476
0.5666065356744616
0.5696544814157444
0.6660276666127882
0.5976725321747871
0.5438933333961242
0.6624131636287967
0.6710019313054989
0.5555248877876359
0.7132723852011119
0.5952756232992893
0.5451908600295663
0.6682950260493463
0.5607226330856337
0.5586968895424668
0.6601413744101576
0.6181529463426406
0.5458124579351712
0.6804684628283489
0.5729658241052927
0.5551097761487932
0.6616227924306674
0.5768880687055723
0.5446825482317919
0.6815442124284513
0.563987849568748
0.6030508221815624
0.6936701838638003
0.5613977630121059
0.5817231680073027
0.6755855847977732
0.5661660472450633
0.6137457570555694
0.5676950754497564
0.562972608388587
0.5812141923126729
0.6767568458637833
0.5200525423910894
0.5603528550553174
0.7549977701180743
0.5568473953763591
0.5611314640145831
0.6799651878618765
0.5188080022861857
0.5456509798978268
0.6810571902291158
0.5526753757588314
0.566189419209999
0.6605891887801474
0.5678808957387184
0.5538730347104357
0.688721517621995
0.561108743252479
0.5593230780428957
0.664877892877272
0.5551193706326134
0.6728372096494442
0.5772748153343772
0.624600237215113
0.5766783526395949
0.6642485697098156
0.5860042412511024
0.5986903114005682
0.6567108377338703
0.5548431812691522
0.5659830100037214
0.6786771401345536
0.5411843755674002
0.6261964153955327
0.6216214191282692
0.5551550624102441
0.547396912581264
0.6927613868978627
0.6008794142281068
0.553785690729416
0.6724341926294337
0.5556072045236314
0.5282149757666595
0.6863160013641213
0.5602395428180285
0.5552633170920144
0.6782703177656778
0.558725717473601
0.5411546889216542
0.7058826093726633
0.5465761080437028
0.6217243903761066
0.6795026192055265
0.5851100446308959
0.6498986389455716
0.6690027248336409
0.5771217844084563
0.5629887111907834
0.6901906898636423
0.5486018709793395
0.5517686715009885
0.6926006406967379
0.5778295993414478
0.5570383069797541
0.776581215545685
0.5647272752214837
0.5510413983935184
0.6789926402267875
0.5661283719710867
0.5588281229836609
0.6797976684102534
0.5614227745306547
0.5641825360151943
0.6726766822815927
0.6165729175341215
0.5694162082121224
0.6746223252738296
0.6164637556296463
0.5622625984638178
0.6708765601579945
0.5647537400883498
0.5616270894521438
0.6837185316127409
0.5654666851694612
0.6097505228108051
0.68127390397843
0.5633002942409101
0.5552492086976144
0.6793085175517808
0.5780835036136391
0.571196920560419
0.6692461967432141
0.5621917546224509
0.5704127336488332
0.7639340267371425
0.5637933313385355
0.5603809386720308
0.6714868733582184
0.5583829508476421
0.5556150164998565
0.6710687524494922
0.5647365202482878
0.5585430630542504
0.6894454726178812
0.5680426279848388
0.560111464468388
0.6021374136732708
0.5589806995029236
0.6582287839634767
0.6312164319953393
0.48058561418095846
0.5590950028731295
0.6822801633338331
0.5855762173117414
0.5715649117975665
0.65121203802483
0.5661964026171602
0.6107532318706314
0.6516399874344521
0.5902397870815349
0.5625765255297278
0.6795791532016227
0.5710517164739832
0.5632952083822391
0.6687264503258747
0.5533510646040117
0.6019034216443624
0.6028618728990555
0.5656622307107538
0.5629769966195919
0.6669706499600571
0.5572876496788878
0.5631650424184002
0.6609888002907692
0.5600847565248963
0.543716020704243
0.6753203509854523
0.5288980975354658
0.525038120013665
0.6551469553386535
0.5604190162795998
0.6588859275163653
0.6105957917494096
0.560359129955887
0.5530413049074782
0.6985283156732074
0.5791277630836624
0.4474673926200295
0.6490904226940656
0.5285889817666114
0.680371648509565
0.5222956386812085
0.580561561136284
0.5776616640941391
0.6833722410993504
0.5549624853334842
0.5591744257567783
0.682225493553144
0.5585223447395534
0.5674034601214456
0.6844094300113812
0.5243741190731723
0.5692769973410184
0.6779560879086832
0.5592552059548697
0.5635074349165299
0.6804620593501268
0.6814482696761709
0.5144190793319925
0.6883513616392921
0.6078702517926107
0.583195923491845
0.679383937769184
0.5700669730275602
0.5521268483225209
0.684758153769252
0.5730038616580725
0.5604345343389734
0.6780808234981338
0.5552513862428409
0.5706470686793722
0.6750425611531775
0.5640200239378718
0.5583017003516683
0.6762385628100841
0.5676194870322397
0.5893623874076092
0.6886986392214857
0.5535539456180559
0.5679947697381488
0.6900317766980749
0.569689541394008
0.5661349730852935
0.6731069402321743
0.5677148979624165
0.5484160297967601
0.6855646551019683
0.5768221244320828
0.5689399441491281
0.6725674462763592
0.5643879938623951
0.545722958671089
0.6618771029278634
0.5940843183891446
0.5950393383520256
0.6993251125633082
0.5784660858236907
0.5607503134843718
0.660120682212134
0.5708910126599074
0.5556754855863913
0.6512195678873984
0.5968388826108811
0.442694392821597
0.7070387723258332
0.5696942179391878
0.5408818508205626
0.6557045050305015
0.571563680501952
0.5607975823598991
0.7067587684997068
0.5672316838201927
0.5673598536075388
0.7132618126497013
0.5683820531353578
0.5958318961437408
0.6329308450964387
0.5629691182203319
0.5529842273245634
0.6552917816423418
0.5695006188167407
0.555418981563402
0.6838753726500191
0.5762923762081681
0.5643613285377654
0.676508323913097
0.5590910739025838
0.5679842572520154
0.675372008129514
0.5600506413918722
0.5570078953474915
0.6699408945927111
0.5671413378720186
0.5620615592797457
0.6624907125075045
0.5611913339668275
0.5093585971680163
0.6527157799538612
0.5650579471433733
0.5578846409191475
0.6797744780202407
0.533346943104238
0.5823657625000352
0.6710157676137085
0.6189289004314508
0.5742601445614894
0.6498865727835843
0.6196326341247786
0.6454330690608121
0.5634265691460926
0.5933885369560891
0.5637647582589337
0.6717946803327184
0.5599697420625497
0.6861223162656062
0.6799711011155561
0.6850126580650034
0.5286162437087781
0.6745429719595969
0.5686604016752538
0.5579143339900259
0.6981287731896294
0.5461965177977472
0.5488093187156184
0.6820564989621017
0.5769738965466654
0.5569468255767788
0.6888244209294706
0.5668107655993423
0.5645665390959664
0.6810645995432755
0.5702834824337012
0.6720889314699781
0.8451959983466923
0.570125148191323
0.5693722548559041
0.652693787767093
0.5608137446464728
0.5617204021562995
0.6789085142122568
0.5622029696145988
0.5571648035945049
0.6766851255520213
0.5629387269053594
0.5881251100446102
0.6676098834221181
0.562254232711636
0.5445806193384348
0.6102024435966835
0.5618862649222062
0.5685460264736505
0.673970949616401
0.5774379284023347
0.5655559766993036
0.6725900557262621
0.5523576056662334
0.5668988456749623
0.6578736593954307
0.5510841630025346
0.6372102286924507
0.8237240741850461
0.6124413651376219
0.5493503177524469
0.6835619656307604
0.6022607548110932
0.5567594885243208
0.6820193603511461
0.5438113100272929
0.5809743289128346
0.6729236949632832
0.565632883445451
0.6006755691572611
0.4939888230814437
0.5848217742060119
0.6190035900989402
0.6608097157579257
0.5644484247626367
0.5826717932977853
0.6610701033738497
0.5573486655138057
0.5137658820259952
0.7615549180541481
0.5586747220258416
0.5537044473788582
0.658130854089378
0.5799918711457029
0.5454037242388622
0.6603894725736735
0.5709382869103906
0.5689128742267315
0.6642124852130199
0.548102521842693
0.5189208483512265
0.6541885352010927
0.5633013081640654
0.5415967649038705
0.6826172133476586
0.5681039984355519
0.5875687279626359
0.6366730552032566
0.5931477091007943
0.5686909972504249
0.6677997373876389
0.5611931891548424
0.5259865539886571
0.6967068863618074
0.5130383818729289
0.4154576433688889
0.6128909667099199
0.566703397417396
0.5583780060090212
0.6212297004800207
0.5576806644005504
0.5237186266327077
0.6465475939644112
0.5366814832124595
0.5461548879099826
0.6699572902397556
0.5861880835513237
0.4981439924127569
0.7136937420746025
0.5639301918093712
0.5145685572258295
0.6486150487886465
0.614890110993971
0.5124727805499727
0.6883829001847529
0.6038759828275224
0.6834868687193872
0.6015389796802231
0.5770611694608229
0.5418941058837242
0.6161090141196133
0.576203564310935
0.7111020496799317
0.6452217093325999
0.521040394893367
0.5708641850316326
0.6817688823981854
0.5937559543563516
0.5371768813258588
0.6839060973232496
0.5781533790160484
0.5535250119440932
0.86346147700838
0.5611830376195478
0.5539998485838717
0.6639083794480782
0.5642219569927313
0.5513780344179748
0.6836009035318374
0.5723505117801302
0.5507241551215709
0.7028625065271737
0.5628048122277763
0.5484149865908091
0.6861570754862856
0.5695243995849185
0.5605681222568426
0.6700543933476365
0.6690215404998484
0.5664359759531995
0.6195372711297927
0.569679868754077
0.5499485765521432
0.5903999548534844
0.5547922718346898
0.5670285167663622
0.6673921082056776
0.633894101875609
0.5884395617726678
0.6558731924596387
0.5980580118709177
0.5540059880675721
0.6863287765588587
0.5148234315348116
0.5292240918105232
0.6886312896225288
0.5865693226901301
0.5505145272929656
0.6445568509173811
0.5366873844476073
0.5463068424913428
0.6614102795521897
0.5283154988996228
0.5580190850477359
0.6674887916029209
0.5606121215259905
0.6146542976315961
0.6664217499636677
0.5674533879789746
0.5793209849405738
0.6507598217361311
0.5648685181150137
0.5710518584473581
0.66335565676636
0.544007367742889
0.5599651523508796
0.638529811262611
0.6168778262592659
0.5667177603450859
0.6715653619822587
0.548214353712503
0.5595780791546422
0.6950810667173489
0.5677148394615089
0.5550838622828242
0.6797288608635256
0.49952919618334823
0.6235845950110503
0.6408739058594166
0.6035892846320051
0.5447385053724839
0.6720360053617989
0.5076689758840981
0.5607539994975577
0.6563987675834381
0.5510766963968695
0.5555008889542216
0.6662035295162243
0.5707291064834017
0.5643159430454691
0.661084239099345
0.5631765096474427
0.5661551566433055
0.6547440350948451
0.5519914244259725
0.5788999873565356
0.6329745657976935
0.5649581577626661
0.5706846424373988
0.6577906621250924
0.6276127633801477
0.49670178687382044
0.6553949340496624
0.5475140463509948
0.5829627026633651
0.6669262825998608
0.5919196108767506
0.5822831936385005
0.6197834193837007
0.5571901323894186
0.5669479063894611
0.6810410193808426
0.5689030507917585
0.572841433945782
0.6421913835489521
0.5951432773965553
0.5577869355265377
0.6713841984194581
0.5494250958155942
0.5516967356850503
0.6534465930093764
0.5917113756689163
0.5632150551806403
0.6742589706913975
0.6006107490513923
0.505352163629315
0.638189976715905
0.5637805893633377
0.5774557158061916
0.65962139540067
0.5477434137199709
0.5463067655818782
0.6928543880637065
0.5177323412670286
0.5812183917749536
0.6575609987954907
0.5774719592547054
0.5732324815978911
0.708156655409227
0.592198791017199
0.6215527400189204
0.5706855543941697
0.5587304166008575
0.5433292363050591
0.6708673398465723
0.5931810952143212
0.5397996322509045
0.5780934323304511
0.5653976664028058
0.5470022142597482
0.6664153790445232
0.5723128039705828
0.5557093448152741
0.6721183973301549
0.5957468146939959
0.544448873420452
0.6305549853038406
0.5477353120599042
0.5903383560999782
0.6521780530256154
0.5607584952464825
0.5542536957266699
0.5606569749875713
0.6233499404172667
0.591850988732332
0.6411135825943196
0.584353844808045
0.5685267152329009
0.6742167562363637
0.579718141487697
0.6025948279953875
0.6616290660929406
0.5709119814541896
0.5705199184825054
0.6792445358654254
0.5486695378093309
0.5602612329531814
0.6568010055525937
0.5577599408520427
0.5419515689267033
0.6446771145723434
0.545460067786165
0.5560768966975411
0.7139183623017592
0.5715174866492941
0.538811015613805
0.6676003888010483
0.549116149252235
0.551787333451412
0.6457107316878964
0.563035909832792
0.5484294553910489
0.6514830993331029
0.5358056434603233
0.6576176178173693
0.6281236891291717
0.4688610212567093
0.596827202217334
0.8015815402872026
0.537496092265319
0.5820583488683992
0.7137464112342068
0.6348151546072338
0.5742911004313311
0.6325227956192393
0.5814271945480821
0.5309233937509124
0.6392171716295917
0.6296095419389954
0.5124252363647582
0.6495797061186297
0.6178149466497438
0.6319192412868947
0.8389856595461037
0.5817176928545981
0.5781268333348542
0.6900413799238045
0.5941611481325191
0.5269150352361995
0.6803139765897596
0.5433879964314274
0.560646582989457
0.6856357844771175
0.5505385629496296
0.6084819677626349
0.5990686714576958
0.5731949954535649
0.5725178298275378
0.6788057130771087
0.5642467021070886
0.6198748467264068
0.573470899199009
0.5664750753945291
0.5704419738829231
0.6869991695916365
0.5732068876785571
0.6962910142067741
0.605832351387887
0.5531810612891062
0.5722235692928552
0.6803802177476429
0.5560282185847902
0.6101952117766924
0.6846595191668741
0.573610788742337
0.5656594829984084
0.6848785603797962
0.5615217515824233
0.5517592689485965
0.6699534406547197
0.5587929379965002
0.6809673342837091
0.6893431525651373
0.5600366308803604
0.5603387845212003
0.6691224180177026
0.60120109523765
0.5376406582130052
0.6878425754566645
0.5601845211506065
0.557341309613988
0.6748685752701292
0.5519224042618058
0.5935928210989634
0.7102926425600282
0.5601536323047234
0.6780953526728148
0.6914336536637831
0.5634480228031492
0.5321417981691662
0.6699776293757291
0.562926524552324
0.559011577294072
0.6670321880937572
0.5659472334401998
0.5802996636045571
0.6498551582097937
0.5863684896193612
0.556981069566386
0.6774020584774227
0.5641225138373309
0.574593086700164
0.7047248214340178
0.5365599990735296
0.48172697756442867
0.6483665935546937
0.5687377745175052
0.5471724939168545
0.6411561543682853
0.5582882879246329
0.5760903549473803
0.6629100912423606
0.5968991375331828
0.5543917209661944
0.6731974644674538
0.5707085601120937
0.5614348749404757
0.6782487141595052
0.5375226321111891
0.6291039382174163
0.6472041011855768
0.5567591034551922
0.5724515293194721
0.650733501452373
0.5695701893357533
0.515776021311159
0.6331280846213859
0.5908075489004602
0.5410956486781808
0.6728623543300354
0.5825364776897995
0.5626549838322051
0.6810477602548924
0.5646713773097427
0.5760323948019083
0.6606407789911048
0.5267942245302317
0.5590475039068338
0.8227919721618596
0.5711094506916693
0.527566951132434
0.7505875481096513
0.6048195731692253
0.5332466678636706
0.6431838610473477
0.561781200878372
0.5592136749684334
0.5729909330098688
0.5956638536610012
0.5403419081098031
0.6848935910125369
0.5208785787246462
0.5873122136212298
0.7169360923909097
0.5397084650692806
0.539021794468501
0.6205636224076703
0.5620233485895585
0.5826330953519714
0.5292327475261416
0.5958757768600632
0.6270385509752847
0.6677440516518458
0.5385287106823529
0.6369823862566092
0.6469350108365968
0.5620466225191715
0.5377206130378104
0.6521443298107816
0.5678440264299355
0.5808595413275093
0.5158526465778749
0.6404692071680882
0.5288929192724245
0.6826050199348294
0.6479239666712292
0.5194769517437412
0.6470469724476657
0.5683268467968242
0.4955666117990284
0.6583250601180716
0.5461623103284858
0.5437353154175258
0.6401924208117175
0.5399076028367547
0.5258865910681336
0.6772419706263921
0.5657117575362932
0.5315898680124608
0.6110197789801053
0.5978448724487186
0.5210092192571069
0.6382539732547999
0.6778597026336446
0.5737166241531589
0.6350973665204702
0.6114219924363142
0.5493330334857067
0.6839514789144816
0.5575286762950948
0.6632620873617748
0.5436597782319377
0.5706182797122634
0.5470474276318984
0.6994567145487047
0.6017739824884643
0.5439880504008894
0.5984080310189973
0.5584843361458858
0.5571214851461243
0.6792262830788135
0.5722899696422347
0.5545352639244244
0.7455064455331492
0.5690409121029749
0.6689273937588626
0.7151177894637336
0.5963523706711437
0.5891018280623136
0.6726992847942193
0.5756241821216366
0.5641569749948199
0.6814144479399136
0.5665182186324178
0.5787718052000764
0.6713018232471467
0.5625770068967225
0.5602524503996901
0.6674312575804259
0.5638556768245737
0.5518347607916516
0.6829916891104443
0.5523112887602587
0.5552072958688818
0.689926333142894
0.6717638738935466
0.5873792748042039
0.7412797082967965
0.5661152064366461
0.6747938375433471
0.6713699563440316
0.5481384261040696
0.5228923837946812
0.6418652405813496
0.6261988486376172
0.5269742508020987
0.6371494511606789
0.5382856666751888
0.5555238787487803
0.6517350124244041
0.561257288515346
0.4972434079467558
0.6688091029163843
0.5812222014358763
0.6698147741076443
0.6255373067324198
0.5381073848489146
0.5366874251060886
0.6769365864621124
0.5953056954760664
0.5538225260472204
0.6161750165568307
0.5866398056927319
0.573797030599776
0.627782066699069
0.522031967633913
0.6045090484826864
0.6521363529924213
0.5546056292404272
0.5934788981688993
0.6627006010427351
0.5586358915224967
0.602641693000828
0.6848241551165479
0.5739612113758468
0.573115364228768
0.6891845589448725
0.5612005664666724
0.5146174475958881
0.6617671391184993
0.5650905997781388
0.5791822659672831
0.765211538008337
0.5714590147835669
0.5621058841012895
0.6629720447839408
0.5513258371587698
0.5750951653107866
0.6778873200197334
0.5511141192422322
0.5483053747788043
0.6714226817567653
0.5632329939888344
0.6061790742018509
0.5698083859679256
0.548807579487393
0.6283260157073528
0.6432749389555158
0.547865605860615
0.5617673891797714
0.666150573390397
0.5457259773001282
0.5530061123876664
0.6508112529370301
0.5462409260633897
0.5319173755123824
0.667426270600475
0.5678869830785263
0.5849488504479111
0.6516689374721534
0.5657032939522134
0.5734479985939765
0.6273454890346475
0.5617281859532919
0.5418486091929035
0.6316740031352529
0.5262136424517377
0.47549981001326613
0.6223322525521429
0.6342962495972323
0.5779641831645137
0.6991466368348022
0.6334134970542412
0.5801907731756782
0.6969812910302826
0.564592235335618
0.5627077808953624
0.6700072350569408
0.6400248009534466
0.5036775474494796
0.6494932128012753
0.5939100774056741
0.5492045400583407
0.6636558272378641
0.5856121985071877
0.5423336156594853
0.6570206805907282
0.5476809393429519
0.6026812529981728
0.8280270550351867
0.5597297696431149
0.49855340976859575
0.5763548686615525
0.6018808368330686
0.6084318472766026
0.6739640597145602
0.5532142025962749
0.6362132091813825
0.6672527587981154
0.5496226887186161
0.5587399562841154
0.6762350916241658
0.5603388986030409
0.5581220332558154
0.6788869698048362
0.5668822942756027
0.5643406979867963
0.6612448822749227
0.5603346356718207
0.5592709759023519
0.6881274402944194
0.5722014637748589
0.568314614739564
0.6683395639983654
0.5506273259834616
0.6036761291939348
0.680082048497421
0.7284441664819179
0.5329862081003806
0.6904535996447753
0.7397798155784505
0.5769874348078713
0.6084446756643386
0.5537529637248654
0.5623329837695147
0.6822603142899495
0.5685026298861762
0.5544079939837786
0.6868312993464666
0.5554655252907749
0.5292647271731906
0.6967758998715835
0.5688380949498972
0.5606666663651261
0.6843726696173326
0.5560400696029835
0.5636009371208862
0.6783695329561645
0.5719299167702052
0.5597427100329452
0.6799934948769277
0.5593807597088515
0.5664397930457709
0.6777961574099679
0.5580566211116981
0.5752647169763888
0.6925383112522575
0.5666204477040471
0.5583537686216635
0.6769609609989644
0.5657168342723017
0.5604656275315446
0.6866278723039646
0.5527663647102808
0.5645201973136982
0.6898965029054955
0.5692294668155262
0.5460892998228056
0.6829026799598621
0.5590334534408913
0.6293869659897244
0.6140559964762468
0.5595939853674659
0.688957772871569
0.6025447615401421
0.5607671953944026
0.5593819261158405
0.6781258261931459
0.5624552353395483
0.5639655376984222
0.6762925668964053
0.5639605162352462
0.552821943198516
0.6876216103072158
0.5686057031692916
0.553926610040494
0.6844467224979723
0.5589171881282778
0.5705889616452451
0.6717874305375648
0.6658640136599184
0.5430944892041755
0.661876807731233
0.563043330741906
0.5633172994703118
0.5918799278390072
0.563366777447328
0.5556011856905785
0.6903751213109947
0.5595516810046665
0.5750104065786267
0.694683715399655
0.5746210574681669
0.554609877604707
0.6663789440340202
0.5729014243330021
0.5744315760194322
0.6614071325096843
0.5710332976430355
0.6719491468805525
0.5674226029012964
0.5587066286948045
0.5723226540332412
0.6567520593336801
0.5524894951984597
0.5810815985187789
0.7313632606969729
0.5659030697807957
0.5425066633165342
0.6714589988959231
0.5607118186065366
0.5645884808179906
0.6277611938197113
0.5237442444070753
0.5536919413871503
0.689557831799671
0.5646753703424491
0.5516916940973468
0.6638898907003948
0.5212077856907745
0.5615952117003022
0.6515665484319706
0.5449093574056009
0.5549550697029174
0.6507300250318236
0.5805755385544134
0.5677645560707598
0.6382077408731516
0.5620186559647203
0.6019247998927905
0.6565424303318863
0.5659500384792389
0.5787122373190656
0.5278096122443494
0.5338389119308741
0.6022783362931068
0.6371272420510852
0.5768556666345854
0.5303874065124593
0.6644819090009213
0.5577557292749638
0.5815398048592221
0.6433280105695458
0.5399560465037003
0.5617090243577767
0.6687503402000688
0.574540426530813
0.474430867096309
0.6842372882687331
0.5626446457799967
0.551618923303619
0.6354799398484312
0.53113741505578
0.5423805798549711
0.7019382935341012
0.520175460188082
0.5392351746322728
0.715007487788723
0.5449722425212344
0.5487034091518166
0.6951006320178876
0.5001894859176172
0.5217190966080348
0.6547822187009705
0.5404820159462179
0.706614326621838
0.5747501534250135
0.5534361678993427
0.4637352066179387
0.6354121173544202
0.6257048479223026
0.5149175945641634
0.6479262940935131
0.5214060062259368
0.5739856209869126
0.6252012102224426
0.6479640977697885
0.6631779928273748
0.6104761654018586
0.5533623816516658
0.5248674639924221
0.6107912174090977
0.5177005539888555
0.7974562764540071
0.637486921127065
0.5347529205246356
0.528481841982349
0.6986580327083343
0.5479913722895807
0.5969632331838558
0.6210536339872347
0.6774200970623866
0.5411761029206669
0.6910370898707738
0.5596839591448045
0.5469605502406657
0.6776535595553074
0.5430448369959392
0.6799312470918382
0.6837917251715648
0.5687093186018984
0.594246665583151
0.6395397372392215
0.5532295816484282
0.5652467290375031
0.6798119967136979
0.5620290620964395
0.5532094931688233
0.6688858014823049
0.5740708895357132
0.5318684458633074
0.6781761220446274
0.6005530460525992
0.552365548831818
0.6919796430145725
0.5452636792454721
0.5387475669907453
0.7128117662842287
0.5468220767704765
0.6051701944247573
0.6652702222401364
0.591788130994978
0.4547935556440096
0.654949442632957
0.5340231940858611
0.6129214769402299
0.6469788341407963
0.556743361226623
0.531547611099575
0.675836235539207
0.5471967561957719
0.6098957447439107
0.5447992439209708
0.5531998083853541
0.5467935612206122
0.6520152423373927
0.6022694206821093
0.5827392091698268
0.6216453076228299
0.5486751926457889
0.5249978133533907
0.6456478334623889
0.5539014709732807
0.6920786738341719
0.679085515994709
0.6260203629614688
0.7027175592859712
0.5471283563344731
0.629803194511847
0.5216270561509989
0.6838072708901534
0.5531623739960876
0.6246990080776914
0.7327639874931956
0.5482210677076285
0.5527677408305852
0.673214075641368
0.7451258522593689
0.5092377111988003
0.6865993061292672
0.5618977817836334
0.5585406688911921
0.6836020708170998
0.5746468951914361
0.626046757486176
0.6660922892628149
0.5561163302106362
0.6204866662624055
0.6720420990010629
0.5588575695891769
0.5580358769159166
0.6770867502100435
0.5609219364814344
0.5560486277177059
1.023057922863183
0.5643989324934255
0.6274675188346506
0.674933325279348
0.5525980776168685
0.5641911696602592
0.6731305766906182
0.6227884894089925
0.5650162609020268
0.6792628895079673
0.5635963969569642
0.5472940238947931
0.6848430789657861
0.5654292870145391
0.5597592719214991
0.6682180032193484
0.5706222642535695
0.5480885556962168
0.6718292817194039
0.6692899993093241
0.6181763960352435
0.6560521601374704
0.5516279984689801
0.5718501812658103
0.6592364047129967
0.5650743682999395
0.547158638860571
0.6937970702709239
0.5572877193717624
0.5550107210068208
0.645932542289639
0.5078441977578554
0.5683562244253902
0.7149897393076576
0.5804344571253973
0.5437317975527249
0.6673554877036963
0.6228129928911107
0.5310369775733055
0.6412961673876404
0.5563861492863791
0.752629680464645
0.6063377793821972
0.5724068721378348
0.6128144791046775
0.6760455161233506
0.5743350643240752
0.5656629168181605
0.6640050889433433
0.5632755726321576
0.5713469311105208
0.6720904167850342
0.5737540398002257
0.547884830902401
0.6655304292204705
0.5625780761264835
0.5698806481033708
0.5638089597890097
0.5760129639735494
0.552111638982325
0.6777914084927131
0.5864294140527796
0.5646269836839234
0.6996762910777287
0.5751830429030885
0.5536788768851476
0.6794372871840109
0.6195421352693965
0.5180065966850564
0.6133272523739998
0.6080412463819397
0.5135800287354532
0.8276202282293071
0.4736353285402786
0.5747701292879958
0.6749307522230217
0.561855895171382
0.5646633295071652
0.6604244056883591
0.5799770005582684
0.5675205668504346
0.668701936087469
0.5725388430578855
0.5533839478758328
0.6675136273012381
0.5401881315755829
0.556301222371831
0.6421133311803273
0.5673627119764734
0.5537524931596222
0.6849063880597664
0.5350106435881582
0.5299989730560236
0.6214295772477934
0.5447688336865966
0.568743225947287
0.7842620775489385
0.5255658295549012
0.6018728463243517
0.6957242852960339
0.5685185538182258
0.6138791966695748
0.6872659192251578
0.5904729664298168
0.6977760936131406
0.6405845192421711
0.5320500416789572
0.5959743321140845
0.5191359658771407
0.5439626080622791
0.5867792615806169
0.6402923801818399
0.5659489597727341
0.5284955217261772
0.6703129568210245
0.5886650224933934
0.5317195577592363
0.6622909430957278
0.528966838825609
0.5376956982246818
0.7627975505959677
0.5598176840370489
0.5754965564025252
0.6340481118460578
0.5865392387985775
0.4741193657706986
0.5996552852885336
0.6112059673663771
0.5176583605035109
0.6285008226902188
0.5560406595801436
0.5303653252247993
0.6341976393808867
0.5656671692503076
0.6854502246365379
0.6263961906394876
0.6061383766446018
0.6777338510036309
0.6084751657290954
0.6977162450728933
0.543384661253306
0.7411100883904427
0.6267864487727921
0.5295170379786778
0.6787173839975945
0.5922663611167579
0.6613939567617152
0.6921564614695035
0.5663790174206998
0.5769478439252725
0.6813639985661638
0.5594590951432765
0.5540890067520488
0.6847983182412896
0.5644003613727696
0.5617224694866012
0.6814127126249575
0.5679955649821252
0.5696710461632807
0.6847493325985653
0.613513100131539
0.5653732935866903
0.6852024247896006
0.5691747453081522
0.5626108130198462
0.768811397811633
0.5569883005805031
0.5580318727796721
0.6842009618101185
0.5621004005075387
0.5600119090763143
0.6886600099065958
0.5625731759687271
0.564857258214284
0.6841693238976149
0.5638636563391137
0.5578646872411012
0.57376890225949
0.564336682841505
0.5605834937084302
0.6806181258490042
0.6146160495043346
0.556306058422868
0.6940319134533977
0.55855009994456
0.5593563761765051
0.6861404027252503
0.5598183766981021
0.5653942585597286
0.6914611130380933
0.6125352321272792
0.5532504140792631
0.6687375116011085
0.6265386274828918
0.5721182849992724
0.8843404549623153
0.5653384485064414
0.5641785888309109
0.6727528171536045
0.5618479923903887
0.564336884312834
0.6740069160304255
0.6140240923420738
0.5395842058627783
0.6701596908312257
0.5414448148681354
0.6092518876590618
0.6783236465388294
0.5925980737914428
0.5551993702760724
0.6631613834392878
0.5505017654734669
0.5400932853609878
0.6745833284261825
0.5564619019052798
0.538811602410801
0.6448798109935973
0.5448522754577462
0.6358039470858283
0.6330058558061
0.48585045224069695
0.5487264602165413
0.6007688731106939
0.575399639105877
0.5334937182382247
0.6101152381224343
0.5186877472242757
0.6983572707631872
0.6197379521293606
0.6010073837760912
0.5664162421460606
0.6654685349403708
0.5361753181975951
0.56857952178878
0.7279015645769665
0.5352524140460108
0.5811684094481204
0.6137360754643092
0.6250723487097215
0.5289233997057966
0.622487800241329
0.5521432787420398
0.5356836153129312
0.7456118634398106
0.5622537932389441
0.7553268596335347
0.605322161989529
0.533594650177128
0.5428161234635597
0.6311743045446354
0.6350945482400819
0.6332356032659334
0.6037210261538057
0.5595238771345887
0.5722826854740997
0.6576392134589719
0.5016670080897233
0.571137808221883
0.6124738729372595
0.6195635382221201
0.5210502202755561
0.6712485675194566
0.6058336754524156
0.5264193485326946
0.7104469554519005
0.5407629846747969
0.5369290929476989
0.7000909888001267
0.5927076760938037
0.5739867166454273
0.5562665915788628
0.5279832911190602
0.5313674521844093
0.6511987870580898
0.5683287809096014
0.5996629001289147
0.6327739000213176
0.5623314318316008
0.5397854230143166
0.6926510561119892
0.5427045081925425
0.5679490178820689
0.6941896749953657
0.5475464487890386
0.5335179815597794
0.6863837612498879
0.574061372057293
0.5359330250457308
0.6422129083531676
0.6191295495236663
0.5313974483220801
0.6438120609485694
0.5267105164785068
0.5732862051339119
0.6723494152614564
0.5526493954708719
0.5528190089100274
0.6684637211349979
0.5429033867943308
0.5503218769135435
0.6604368099246319
0.574975396069902
0.5444947771995816
0.6438690147979504
0.5747853053041542
0.5299162479409697
0.6361208744152056
0.6084614449226289
0.5419016930934882
0.6798525106600409
0.5374731358095252
0.4707269283261304
0.7554911929113844
0.6052263323907304
0.5609867072997313
0.655470542082142
0.6073595778532852
0.6560221289680265
0.6913420275439062
0.5582658282771091
0.6139146020046025
0.7134484666327469
0.5978702617311475
0.5669558818278729
0.6888002505393891
0.6040522844471009
0.5888733264841852
0.6573005046861717
0.5751888158107689
0.5566777994555764
0.6596680662303311
0.5537546686636601
0.5487621779984572
0.5712852513704977
0.5525807585479625
0.5455905776621353
0.6484534120114341
0.5565574281086471
0.6027365544735832
0.6457814700778276
0.5340174844752873
0.5574109828151349
0.6635239496340452
0.5280880882942136
0.5633202736331545
0.6285021181755669
0.5647198681204247
0.5802684751538635
0.6781220921050977
0.5593219533968907
0.5919059543550592
0.6601486327889062
0.5569784902412839
0.4999470607928916
0.5522863448730503
0.6044739765094791
0.5723277553624934
0.6997909151015258
0.6145156584458615
0.5418783057002458
0.64475264034358
0.6157612399319985
0.6155185488534605
0.6143197164433374
0.6100369933267381
0.5506308312039828
0.6673154158598131
0.5603292496555944
0.5513873634636134
0.6885234758215298
0.5191870694294477
0.5691772992565136
0.6898213196146313
0.5667000798349984
0.6641818559688866
0.5685264256335917
0.6190620164394773
0.5875626193691615
0.6857158118132618
0.5573955361715406
0.581539728212377
0.6781829687042049
0.5719427243535032
0.5617448662035379
0.661841955635493
0.5632062597669872
0.562499196522164
0.6803896234094964
0.5579372768725505
0.582353812409836
0.6707345298080625
0.5497395810625462
0.5573235414738332
0.6894985573474547
0.5391911605426535
0.5666069551925077
0.6833978458652323
0.531311765788605
0.5876901148361483
0.6596229462528307
0.5717899484445057
0.5664938020192444
0.6815720098061709
0.5570237820896511
0.5577158809692886
0.6800959086226704
0.600598664465501
0.5557402064314056
0.6843424355071418
0.5551678731812504
0.5611127019602515
0.5600693874729368
0.5779278664200991
0.5826662284234058
0.6808115306641211
0.5504557970718069
0.5727511346256055
0.689360094246598
0.6149862679025959
0.6014476203729694
0.6055528753924201
0.5626027087215871
0.551755974828602
0.6986892464644044
0.5604033006964968
0.5654286113500491
0.6835038243031006
0.5630103706048558
0.5582838634395652
0.6839435059247838
0.5588017124276151
0.5726362426394462
0.6845229449980976
0.5568157821658185
0.564122185019913
0.6820554620668783
0.569257937357325
0.5613025101644101
0.5654424274796408
0.5718007662277866
0.7619607197789557
0.6151664535268518
0.5633866449581518
0.5633848381033816
0.681924431165412
0.5679232255727533
0.6865641258933383
0.5603900675582659
0.5615080021807637
0.5647992123949097
0.6759459351872789
0.559381960167841
0.5938603782602206
0.6779193781121233
0.6148183377393727
0.5614163227598586
0.6746671101624222
0.5610490652698977
0.5659080068651233
0.6735504436636265
0.6186346900856601
0.5644894570025861
0.6849075210473299
0.559420446385703
0.5549614550459415
0.6775112420343777
0.6169751678754254
0.479827430092212
0.6783524776112714
0.5683683349497516
0.5604776848293533
0.6799986216309959
0.6905986218471919
0.47899628096809876
0.6807110833479835
0.5599352189251708
0.5551422069623768
0.6487231516739554
0.554277192918288
0.5512686950035703
0.6600167994656725
0.5495066372618762
0.5575632973045478
0.6796661149060773
0.5711398787572418
0.4796290190454455
0.6816828295323607
0.564874182486674
0.546640692756383
0.6780022407899103
0.5686161743866884
0.5528920315524753
0.6580760724943244
0.5666920327165512
0.5339120486110293
0.7184587565862822
0.6117754626569997
0.5247252667722653
0.6657198727466427
0.5318248553306966
0.6017047370424856
0.6432108019675765
0.5765746744467867
0.6218475813280183
0.7115333762633523
0.5790052994567362
0.5415576021435896
0.713200425088688
0.5566324682545788
0.579080675364759
0.7042899942080644
0.5956538344608514
0.6104672894546637
0.56008877253141
0.5573472774881966
0.5586692446222306
0.6802654397594169
0.5623412657370044
0.5583234971417717
0.6868874223710504
0.5646132983551285
0.559858087696172
0.684469591044441
0.5611204782680315
0.5625442494804239
0.6878680262274977
0.568353212550032
0.5598460859654298
0.6838064465601722
0.5626307419108403
0.560004295154703
0.6853251973793294
0.5607745930664002
0.5597804132988328
0.6817390032135329
0.5655765458885946
0.47870569382450057
0.6827069184982258
0.5677989410572813
0.5609970270217826
0.6885716629841132
0.5607270276432587
0.612869248168324
0.682876901659829
0.5625794935059463
0.5613710891983849
0.6714501020812557
0.5653590644929024
0.5671041413720431
0.6815542716642521
0.5624847152001997
0.5594894641806554
0.6739588512248765
0.5628027177588751
0.6295990440447339
0.6879729629867501
0.5590400155668699
0.5617966461760717
0.6680112418176973
0.5649703278327647
0.6044697636920896
0.6852786457350174
0.5628969211970869
0.49881224134250873
0.6843205146207886
0.589568771054349
0.5394580776762884
0.6810890788046504
0.5189599345464031
0.5578131123587076
0.6782223370844964
0.5558577746467959
0.549072978144185
0.6931876851842849
0.5584517674556155
0.553065804556577
0.6629868779366106
0.5469994788303864
0.5538718754458142
0.6207279968206069
0.6007046800308932
0.5363014583022794
0.6608759484476454
0.5536957747116087
0.6758314569470606
0.6190518940570463
0.5458117557789285
0.6339037067723784
0.6471629475324548
0.5552437859156432
0.5741264760092717
0.6590659414573541
0.589667434862061
0.560061510434278
0.8499760404740946
0.47822827958024106
0.5391024989927167
0.6718825891942355
0.6644539095488609
0.570770039863814
0.6176248137880781
0.5349559598902501
0.5377707989513345
0.7796462963520718
0.585792775897943
0.6404021404587276
0.6601775779977302
0.5861155383278929
0.6152454358228489
0.61809396810896
0.5564249697743012
0.5969841824645854
0.5754827412382352
0.5706274199516693
0.6429062610133061
0.5819039938894328
0.5630448808250708
0.49812497833016944
0.671799268721289
0.5688243194584364
0.5685044294050339
0.6794498269381892
0.6202584269405144
0.5606663097325625
0.6161804791846422
0.5554101846163323
0.624185400294213
0.6125462852005821
0.5594218068585305
0.5657729113174188
0.685591816357875
0.5742341553887356
0.563669633900845
0.6792985190790547
0.5615576379468997
0.5649748444297501
0.6855396599859296
0.5652668681000158
0.6860744320831141
0.6031447105881055
0.5666749127272891
0.5576407158108126
0.6975478191543628
0.5599757680132275
0.5642316536759402
0.6862289168393446
0.5599232418014456
0.5561671039550782
0.682637514761669
0.5655910047684177
0.5629832993079172
0.6833341255608694
0.5598705164190328
0.5589394504454166
0.686653522630906
0.5106846134346398
0.5601756113205457
0.6832704832436863
0.5658454658808664
0.561938025620757
0.6835472286799752
0.5525188679931411
0.5547830650108718
0.6763504162845075
0.5597758181260899
0.5750486174454351
0.6783977507106485
0.5750571657832741
0.5526722057488902
0.5627932343829194
0.5580610251606181
0.6163959065939493
0.5615563300768505
0.56577211052399
0.6035509053311845
0.5133209832214759
0.5604030550166545
0.559936561004426
0.6724223665024625
0.539563561789937
0.4913281436316473
0.6523032556455014
0.5498497394984116
0.5823348835358094
0.6972573844980063
0.5334494735767936
0.5463755287793333
0.6574661132944286
0.5576131671202668
0.5483075237030417
0.683471594900862
0.5593272030501745
0.5387110480016082
0.5360653057437679
0.5505669619916121
0.5587483067527436
0.6560090616794438
0.5761060422512395
0.6667586025768867
0.6132896365194652
0.6395807429126624
0.5924865264096131
0.6229914125652831
0.5261183014059697
0.5244658233847381
0.6831214612471262
